Wavelength (nm)	C09 abs N
220.00	0.38650
220.25	0.38466
220.50	0.38224
220.75	0.38148
221.00	0.37998
221.25	0.37711
221.50	0.37892
221.75	0.37860
222.00	0.38177
222.25	0.37916
222.50	0.38215
222.75	0.38257
223.00	0.38401
223.25	0.38357
223.50	0.38371
223.75	0.38375
224.00	0.38130
224.25	0.38192
224.50	0.38060
224.75	0.37746
225.00	0.37431
225.25	0.37339
225.50	0.37290
225.75	0.37126
226.00	0.37060
226.25	0.37050
226.50	0.36879
226.75	0.36778
227.00	0.36682
227.25	0.36787
227.50	0.36924
227.75	0.36827
228.00	0.37053
228.25	0.37255
228.50	0.37397
228.75	0.37483
229.00	0.37504
229.25	0.37798
229.50	0.37872
229.75	0.37879
230.00	0.37944
230.25	0.38213
230.50	0.37990
230.75	0.37876
231.00	0.38142
231.25	0.37949
231.50	0.37786
231.75	0.37669
232.00	0.37699
232.25	0.37373
232.50	0.37360
232.75	0.36984
233.00	0.36794
233.25	0.36709
233.50	0.36468
233.75	0.36429
234.00	0.36151
234.25	0.35812
234.50	0.35742
234.75	0.35522
235.00	0.35464
235.25	0.35237
235.50	0.34926
235.75	0.34859
236.00	0.34971
236.25	0.34828
236.50	0.34850
236.75	0.34786
237.00	0.34678
237.25	0.34601
237.50	0.34395
237.75	0.34392
238.00	0.34155
238.25	0.34061
238.50	0.33717
238.75	0.33297
239.00	0.32934
239.25	0.32749
239.50	0.32262
239.75	0.31954
240.00	0.31433
240.25	0.30989
240.50	0.30661
240.75	0.30386
241.00	0.29894
241.25	0.29740
241.50	0.29427
241.75	0.29213
242.00	0.28955
242.25	0.28894
242.50	0.28743
242.75	0.28563
243.00	0.28482
243.25	0.28404
243.50	0.28249
243.75	0.28012
244.00	0.28088
244.25	0.27957
244.50	0.27904
244.75	0.27805
245.00	0.27826
245.25	0.27776
245.50	0.27760
245.75	0.27808
246.00	0.27964
246.25	0.27771
246.50	0.27943
246.75	0.27966
247.00	0.28203
247.25	0.28322
247.50	0.28543
247.75	0.28768
248.00	0.29023
248.25	0.29200
248.50	0.29323
248.75	0.29520
249.00	0.29416
249.25	0.29464
249.50	0.29453
249.75	0.29478
250.00	0.29332
250.25	0.29096
250.50	0.29091
250.75	0.29173
251.00	0.29140
251.25	0.29121
251.50	0.29328
251.75	0.29449
252.00	0.29806
252.25	0.30160
252.50	0.30677
252.75	0.31176
253.00	0.31656
253.25	0.32179
253.50	0.32822
253.75	0.33518
254.00	0.34203
254.25	0.34946
254.50	0.35733
254.75	0.36101
255.00	0.36405
255.25	0.37279
255.50	0.38092
255.75	0.38955
256.00	0.40135
256.25	0.40783
256.50	0.41773
256.75	0.42887
257.00	0.44157
257.25	0.45067
257.50	0.46142
257.75	0.47283
258.00	0.48396
258.25	0.49342
258.50	0.50541
258.75	0.51504
259.00	0.52503
259.25	0.53382
259.50	0.54416
259.75	0.55300
260.00	0.56027
260.25	0.57045
260.50	0.57762
260.75	0.58568
261.00	0.58983
261.25	0.59785
261.50	0.60317
261.75	0.60606
262.00	0.61156
262.25	0.61534
262.50	0.62185
262.75	0.62472
263.00	0.62584
263.25	0.63340
263.50	0.63641
263.75	0.64228
264.00	0.64795
264.25	0.65323
264.50	0.66303
264.75	0.67267
265.00	0.68713
265.25	0.70047
265.50	0.71633
265.75	0.72785
266.00	0.74812
266.25	0.76841
266.50	0.79012
266.75	0.81028
267.00	0.82802
267.25	0.85501
267.50	0.87979
267.75	0.90511
268.00	0.90897
268.25	0.92566
268.50	0.94713
268.75	0.95644
269.00	0.97767
269.25	0.97509
269.50	0.98561
269.75	0.99283
270.00	0.98406
270.25	1.0000
270.50	0.99095
270.75	0.99551
271.00	0.99210
271.25	0.99775
271.50	0.99488
271.75	0.99014
272.00	0.98238
272.25	0.97874
272.50	0.97222
272.75	0.96094
273.00	0.93733
273.25	0.92333
273.50	0.89411
273.75	0.87459
274.00	0.84447
274.25	0.80450
274.50	0.77150
274.75	0.73276
275.00	0.68372
275.25	0.63535
275.50	0.59128
275.75	0.54896
276.00	0.51140
276.25	0.48196
276.50	0.45397
276.75	0.42895
277.00	0.40777
277.25	0.38559
277.50	0.36827
277.75	0.35239
278.00	0.33734
278.25	0.32381
278.50	0.31100
278.75	0.30005
279.00	0.28961
279.25	0.27853
279.50	0.27006
279.75	0.26260
280.00	0.25484
280.25	0.24842
280.50	0.24249
280.75	0.23724
281.00	0.23303
281.25	0.22795
281.50	0.22373
281.75	0.22073
282.00	0.21936
282.25	0.21591
282.50	0.21525
282.75	0.21279
283.00	0.21121
283.25	0.21069
283.50	0.21022
283.75	0.21031
284.00	0.21012
284.25	0.21098
284.50	0.21251
284.75	0.21306
285.00	0.21556
285.25	0.21697
285.50	0.21672
285.75	0.21837
286.00	0.22063
286.25	0.22081
286.50	0.21997
286.75	0.21992
287.00	0.22083
287.25	0.22033
287.50	0.21939
287.75	0.22002
288.00	0.22152
288.25	0.22186
288.50	0.22192
288.75	0.22390
289.00	0.22549
289.25	0.22980
289.50	0.23258
289.75	0.23739
290.00	0.24220
290.25	0.24613
290.50	0.25045
290.75	0.25424
291.00	0.25676
291.25	0.25989
291.50	0.26080
291.75	0.26052
292.00	0.25965
292.25	0.25846
292.50	0.25591
292.75	0.25583
293.00	0.25479
293.25	0.25382
293.50	0.25265
293.75	0.25311
294.00	0.25270
294.25	0.25384
294.50	0.25470
294.75	0.25564
295.00	0.25634
295.25	0.25927
295.50	0.26147
295.75	0.26359
296.00	0.26634
296.25	0.26645
296.50	0.26813
296.75	0.26847
297.00	0.26887
297.25	0.26810
297.50	0.26658
297.75	0.26441
298.00	0.26076
298.25	0.25820
298.50	0.25447
298.75	0.25006
299.00	0.24752
299.25	0.24390
299.50	0.23996
299.75	0.23639
300.00	0.23303
300.25	0.23112
300.50	0.22723
300.75	0.22712
301.00	0.22621
301.25	0.22616
301.50	0.22784
301.75	0.23061
302.00	0.23482
302.25	0.24024
302.50	0.24759
302.75	0.25708
303.00	0.26627
303.25	0.27533
303.50	0.28694
303.75	0.29773
304.00	0.30704
304.25	0.31765
304.50	0.32464
304.75	0.33001
305.00	0.33372
305.25	0.33756
305.50	0.33941
305.75	0.33948
306.00	0.34065
306.25	0.34025
306.50	0.34125
306.75	0.34327
307.00	0.34559
307.25	0.34978
307.50	0.35574
307.75	0.36578
308.00	0.37426
308.25	0.38617
308.50	0.39907
308.75	0.41249
309.00	0.42473
309.25	0.43922
309.50	0.44879
309.75	0.42857
310.00	0.42895
310.25	0.43271
310.50	0.42535
310.75	0.42151
311.00	0.40650
311.25	0.39059
311.50	0.36939
311.75	0.34555
312.00	0.31903
312.25	0.29443
312.50	0.26618
312.75	0.24321
313.00	0.21974
313.25	0.19440
313.50	0.17946
313.75	0.16132
314.00	0.14257
314.25	0.12963
314.50	0.11861
314.75	0.10527
315.00	0.090304
315.25	0.085227
315.50	0.074846
315.75	0.068579
316.00	0.065535
316.25	0.059191
316.50	0.055445
316.75	0.051077
317.00	0.048816
317.25	0.045522
317.50	0.042963
317.75	0.040885
318.00	0.037164
318.25	0.037635
318.50	0.034296
318.75	0.035405
319.00	0.034361
319.25	0.033307
319.50	0.031727
319.75	0.030443
320.00	0.029561
320.25	0.026511
320.50	0.027552
320.75	0.025118
321.00	0.025464
321.25	0.024976
321.50	0.024677
321.75	0.024559
322.00	0.022983
322.25	0.022356
322.50	0.023325
322.75	0.021519
323.00	0.020753
323.25	0.020942
323.50	0.020627
323.75	0.020546
324.00	0.019200
324.25	0.016909
324.50	0.018248
324.75	0.016570
325.00	0.014645
325.25	0.016347
325.50	0.015845
325.75	0.015618
326.00	0.016333
326.25	0.015689
326.50	0.014886
326.75	0.015374
327.00	0.012788
327.25	0.014293
327.50	0.014947
327.75	0.013852
328.00	0.013459
328.25	0.013361
328.50	0.012971
328.75	0.013777
329.00	0.011717
329.25	0.010720
329.50	0.012591
329.75	0.012259
330.00	0.011656
330.25	0.012022
330.50	0.013767
330.75	0.012330
331.00	0.011249
331.25	0.012818
331.50	0.011374
331.75	0.0087952
332.00	0.010619
332.25	0.010063
332.50	0.010686
332.75	0.012110
333.00	0.011541
333.25	0.0098696
333.50	0.010497
333.75	0.010883
334.00	0.0091206
334.25	0.0091985
334.50	0.0091511
334.75	0.010595
335.00	0.010971
335.25	0.0095612
335.50	0.0093578
335.75	0.011076
336.00	0.010195
336.25	0.011435
336.50	0.010490
336.75	0.0095544
337.00	0.0093138
337.25	0.0099137
337.50	0.0096154
337.75	0.0091816
338.00	0.010812
338.25	0.0098289
338.50	0.0086664
338.75	0.0089681
339.00	0.011083
339.25	0.011768
339.50	0.0097273
339.75	0.011937
340.00	0.010263
340.25	0.0096866
340.50	0.010110
340.75	0.011466
341.00	0.0084970
341.25	0.0096459
341.50	0.012249
341.75	0.011513
342.00	0.012269
342.25	0.011815
342.50	0.011490
342.75	0.011171
343.00	0.011737
343.25	0.011829
343.50	0.012429
343.75	0.010646
344.00	0.012249
344.25	0.012479
344.50	0.012889
344.75	0.012842
345.00	0.012591
345.25	0.013398
345.50	0.011317
345.75	0.013283
346.00	0.014038
346.25	0.013920
346.50	0.014682
346.75	0.014008
347.00	0.012293
347.25	0.014567
347.50	0.014038
347.75	0.014686
348.00	0.014418
348.25	0.014079
348.50	0.014113
348.75	0.015032
349.00	0.014625
349.25	0.014726
349.50	0.015523
349.75	0.015018
350.00	0.015303
350.25	0.016936
350.50	0.015757
350.75	0.015414
351.00	0.017028
351.25	0.016330
351.50	0.016543
351.75	0.018028
352.00	0.018278
352.25	0.017502
352.50	0.018939
352.75	0.019078
353.00	0.018516
353.25	0.018841
353.50	0.018590
353.75	0.019438
354.00	0.019726
354.25	0.019339
354.50	0.020583
354.75	0.019956
355.00	0.021078
355.25	0.022366
355.50	0.021464
355.75	0.021427
356.00	0.022922
356.25	0.022563
356.50	0.024488
356.75	0.024789
357.00	0.024152
357.25	0.024294
357.50	0.022444
357.75	0.024569
358.00	0.025881
358.25	0.024942
358.50	0.026789
358.75	0.026372
359.00	0.027806
359.25	0.028060
359.50	0.028057
359.75	0.028145
360.00	0.028023
360.25	0.029490
360.50	0.027785
360.75	0.028768
361.00	0.031198
361.25	0.029463
361.50	0.031307
361.75	0.030141
362.00	0.031144
362.25	0.031181
362.50	0.030158
362.75	0.031537
363.00	0.031317
363.25	0.033388
363.50	0.032151
363.75	0.031815
364.00	0.032459
364.25	0.033296
364.50	0.033493
364.75	0.033032
365.00	0.033886
365.25	0.033398
365.50	0.033534
365.75	0.034289
366.00	0.034201
366.25	0.036082
366.50	0.035774
366.75	0.035472
367.00	0.036652
367.25	0.035845
367.50	0.038194
367.75	0.038031
368.00	0.039648
368.25	0.039536
368.50	0.040787
368.75	0.041105
369.00	0.041054
369.25	0.041837
369.50	0.042237
369.75	0.042905
370.00	0.044010
370.25	0.045776
370.50	0.046254
370.75	0.045762
371.00	0.045928
371.25	0.047752
371.50	0.048684
371.75	0.048006
372.00	0.049785
372.25	0.049999
372.50	0.052646
372.75	0.051541
373.00	0.052605
373.25	0.053632
373.50	0.054035
373.75	0.054174
374.00	0.054442
374.25	0.053920
374.50	0.054862
374.75	0.057415
375.00	0.056798
375.25	0.056862
375.50	0.058123
375.75	0.058357
376.00	0.058330
376.25	0.059746
376.50	0.061516
376.75	0.060584
377.00	0.063278
377.25	0.066247
377.50	0.064305
377.75	0.066284
378.00	0.067901
378.25	0.066905
378.50	0.069223
378.75	0.068054
379.00	0.070951
379.25	0.070918
379.50	0.072433
379.75	0.072622
380.00	0.073049
380.25	0.073666
380.50	0.073341
380.75	0.074775
381.00	0.074334
381.25	0.075452
381.50	0.075808
381.75	0.075598
382.00	0.076856
382.25	0.076869
382.50	0.077777
382.75	0.076988
383.00	0.078147
383.25	0.078530
383.50	0.079797
383.75	0.079845
384.00	0.079852
384.25	0.080960
384.50	0.081543
384.75	0.082628
385.00	0.083048
385.25	0.083810
385.50	0.084681
385.75	0.085973
386.00	0.086064
386.25	0.089277
386.50	0.090016
386.75	0.091077
387.00	0.091253
387.25	0.093727
387.50	0.094171
387.75	0.094768
388.00	0.095646
388.25	0.097642
388.50	0.097801
388.75	0.099398
389.00	0.099740
389.25	0.10108
389.50	0.10304
389.75	0.10427
390.00	0.10514
390.25	0.10634
390.50	0.10855
390.75	0.10896
391.00	0.11063
391.25	0.11162
391.50	0.11336
391.75	0.11506
392.00	0.11616
392.25	0.11753
392.50	0.11913
392.75	0.12012
393.00	0.12161
393.25	0.12356
393.50	0.12477
393.75	0.12631
394.00	0.12750
394.25	0.12966
394.50	0.13000
394.75	0.13138
395.00	0.13445
395.25	0.13590
395.50	0.13870
395.75	0.13977
396.00	0.14164
396.25	0.14320
396.50	0.14597
396.75	0.14693
397.00	0.14783
397.25	0.14959
397.50	0.15062
397.75	0.15274
398.00	0.15412
398.25	0.15500
398.50	0.15861
398.75	0.15906
399.00	0.15921
399.25	0.16213
399.50	0.16231
399.75	0.16425
400.00	0.16501
400.25	0.16616
400.50	0.16753
400.75	0.16883
401.00	0.17096
401.25	0.17102
401.50	0.17328
401.75	0.17480
402.00	0.17503
402.25	0.17606
402.50	0.17711
402.75	0.17785
403.00	0.18034
403.25	0.18137
403.50	0.18158
403.75	0.18377
404.00	0.18474
404.25	0.18494
404.50	0.18557
404.75	0.18888
405.00	0.18915
405.25	0.18979
405.50	0.19319
405.75	0.19383
406.00	0.19598
406.25	0.19662
406.50	0.19867
406.75	0.19981
407.00	0.20140
407.25	0.20251
407.50	0.20449
407.75	0.20548
408.00	0.20894
408.25	0.20915
408.50	0.21090
408.75	0.21481
409.00	0.21349
409.25	0.21608
409.50	0.21862
409.75	0.21913
410.00	0.22061
410.25	0.22300
410.50	0.22462
410.75	0.22641
411.00	0.22843
411.25	0.22957
411.50	0.23083
411.75	0.23290
412.00	0.23487
412.25	0.23631
412.50	0.23812
412.75	0.24104
413.00	0.24167
413.25	0.24312
413.50	0.24537
413.75	0.24668
414.00	0.24925
414.25	0.25112
414.50	0.25222
414.75	0.25288
415.00	0.25405
415.25	0.25769
415.50	0.25703
415.75	0.26119
416.00	0.26329
416.25	0.26490
416.50	0.26804
416.75	0.27082
417.00	0.27319
417.25	0.27434
417.50	0.27716
417.75	0.27938
418.00	0.28274
418.25	0.28512
418.50	0.28756
418.75	0.29021
419.00	0.29400
419.25	0.29675
419.50	0.29915
419.75	0.30233
420.00	0.30469
420.25	0.30866
420.50	0.31223
420.75	0.31508
421.00	0.31751
421.25	0.31904
421.50	0.32368
421.75	0.32512
422.00	0.32799
422.25	0.32943
422.50	0.33236
422.75	0.33522
423.00	0.33623
423.25	0.34013
423.50	0.34060
423.75	0.34315
424.00	0.34347
424.25	0.34624
424.50	0.34642
424.75	0.34906
425.00	0.34952
425.25	0.34987
425.50	0.35078
425.75	0.35047
426.00	0.35275
426.25	0.35276
426.50	0.35198
426.75	0.35271
427.00	0.35337
427.25	0.35510
427.50	0.35425
427.75	0.35535
428.00	0.35594
428.25	0.35449
428.50	0.35740
428.75	0.35793
429.00	0.35767
429.25	0.35801
429.50	0.35974
429.75	0.35853
430.00	0.35999
430.25	0.36237
430.50	0.36132
430.75	0.36228
431.00	0.36390
431.25	0.36397
431.50	0.36349
431.75	0.36591
432.00	0.36675
432.25	0.36686
432.50	0.36752
432.75	0.36794
433.00	0.36862
433.25	0.36888
433.50	0.36847
433.75	0.36966
434.00	0.36983
434.25	0.36972
434.50	0.37070
434.75	0.36886
435.00	0.36784
435.25	0.36861
435.50	0.36771
435.75	0.36819
436.00	0.36779
436.25	0.36700
436.50	0.36767
436.75	0.36655
437.00	0.36622
437.25	0.36644
437.50	0.36470
437.75	0.36426
438.00	0.36408
438.25	0.36316
438.50	0.36256
438.75	0.36216
439.00	0.36108
439.25	0.36143
439.50	0.35951
439.75	0.35984
440.00	0.35878
440.25	0.35899
440.50	0.35849
440.75	0.35743
441.00	0.35499
441.25	0.35466
441.50	0.35372
441.75	0.35447
442.00	0.35431
442.25	0.35386
442.50	0.35303
442.75	0.35410
443.00	0.35244
443.25	0.35170
443.50	0.35366
443.75	0.35246
444.00	0.35457
444.25	0.35492
444.50	0.35579
444.75	0.35882
445.00	0.35805
445.25	0.36062
445.50	0.36319
445.75	0.36422
446.00	0.36802
446.25	0.37093
446.50	0.37241
446.75	0.37621
447.00	0.37886
447.25	0.38026
447.50	0.38341
447.75	0.38625
448.00	0.38845
448.25	0.39128
448.50	0.39398
448.75	0.39745
449.00	0.39777
449.25	0.39859
449.50	0.40317
449.75	0.40413
450.00	0.40403
450.25	0.40550
450.50	0.40526
450.75	0.40575
451.00	0.40577
451.25	0.40688
451.50	0.40630
451.75	0.40451
452.00	0.40491
452.25	0.40410
452.50	0.40348
452.75	0.40220
453.00	0.40235
453.25	0.40185
453.50	0.40062
453.75	0.39859
454.00	0.39692
454.25	0.39607
454.50	0.39788
454.75	0.39590
455.00	0.39474
455.25	0.39403
455.50	0.39281
455.75	0.39260
456.00	0.39174
456.25	0.39122
456.50	0.38867
456.75	0.38744
457.00	0.38724
457.25	0.38603
457.50	0.38478
457.75	0.38380
458.00	0.38242
458.25	0.38150
458.50	0.37954
458.75	0.37841
459.00	0.37645
459.25	0.37565
459.50	0.37160
459.75	0.37082
460.00	0.36921
460.25	0.36629
460.50	0.36335
460.75	0.36088
461.00	0.35862
461.25	0.35600
461.50	0.35384
461.75	0.34974
462.00	0.34732
462.25	0.34417
462.50	0.34129
462.75	0.33842
463.00	0.33438
463.25	0.33164
463.50	0.32876
463.75	0.32413
464.00	0.31835
464.25	0.31612
464.50	0.31085
464.75	0.30663
465.00	0.30140
465.25	0.29720
465.50	0.29257
465.75	0.28704
466.00	0.28112
466.25	0.27460
466.50	0.26933
466.75	0.26151
467.00	0.25504
467.25	0.24859
467.50	0.24045
467.75	0.23316
468.00	0.22546
468.25	0.21803
468.50	0.20957
468.75	0.20062
469.00	0.19336
469.25	0.18475
469.50	0.17601
469.75	0.16783
470.00	0.16017
470.25	0.15229
470.50	0.14397
470.75	0.13573
471.00	0.12777
471.25	0.12130
471.50	0.11451
471.75	0.10745
472.00	0.10173
472.25	0.095870
472.50	0.089325
472.75	0.084112
473.00	0.079523
473.25	0.074863
473.50	0.069619
473.75	0.067240
474.00	0.061665
474.25	0.058275
474.50	0.054791
474.75	0.052107
475.00	0.047769
475.25	0.043969
475.50	0.041295
475.75	0.037719
476.00	0.035666
476.25	0.033713
476.50	0.031612
476.75	0.030158
477.00	0.028755
477.25	0.027579
477.50	0.025247
477.75	0.023772
478.00	0.022518
478.25	0.021397
478.50	0.019770
478.75	0.019305
479.00	0.018075
479.25	0.017906
479.50	0.016306
479.75	0.015401
480.00	0.015387
480.25	0.013838
480.50	0.013333
480.75	0.013059
481.00	0.011988
481.25	0.011751
481.50	0.011280
481.75	0.010398
482.00	0.0098493
482.25	0.0087613
482.50	0.0085003
482.75	0.0076598
483.00	0.0086834
483.25	0.0070091
483.50	0.0075954
483.75	0.0080191
484.00	0.0069650
484.25	0.0069955
484.50	0.0058940
484.75	0.0059652
485.00	0.0059618
485.25	0.0053110
485.50	0.0049179
485.75	0.0046908
486.00	0.0050975
486.25	0.0045111
486.50	0.0047348
486.75	0.0032537
487.00	0.0045450
487.25	0.0039587
487.50	0.0035689
487.75	0.0038536
488.00	0.0024606
488.25	0.0036604
488.50	0.0032063
488.75	0.0033656
489.00	0.0020336
489.25	0.0031588
489.50	0.0033961
489.75	0.0037960
490.00	0.0034842
490.25	0.0017590
490.50	0.0028707
490.75	0.0023420
491.00	0.0023827
491.25	0.0013523
491.50	0.0025115
491.75	0.0027487
492.00	0.0021522
492.25	0.0023827
492.50	0.0022505
492.75	0.0014438
493.00	0.0023284
493.25	0.0025352
493.50	0.0024810
493.75	0.0015896
494.00	0.0018811
494.25	0.0019488
494.50	0.0016506
494.75	0.0021285
495.00	0.0019488
495.25	0.0017455
495.50	0.0019624
495.75	0.0020878
496.00	0.0020776
496.25	0.0025759
496.50	0.0027352
496.75	0.0014642
497.00	0.0015964
497.25	0.0018099
497.50	0.0016031
497.75	0.0010270
498.00	0.0016946
498.25	0.0014811
498.50	0.0027521
498.75	0.0011659
499.00	0.0017828
499.25	0.0020031
499.50	0.0015150
499.75	0.0017048
500.00	0.0015964
500.25	0.0010914
500.50	0.0012913
500.75	0.0018370
501.00	0.0019963
501.25	0.0021081
501.50	0.0010439
501.75	0.0013625
502.00	0.0016879
502.25	0.0013761
502.50	0.0010676
502.75	0.0020539
503.00	0.00091850
503.25	0.0016031
503.50	0.00088461
503.75	0.00092528
504.00	0.0016540
504.25	0.0011286
504.50	0.0017353
504.75	0.0011320
505.00	0.0014947
505.25	0.0010744
505.50	0.0017387
505.75	0.0010439
506.00	0.0010371
506.25	0.0019861
506.50	0.0015150
506.75	0.0013117
507.00	-0.00018980
507.25	0.00033554
507.50	0.0011591
507.75	0.0015455
508.00	0.0014269
508.25	0.0018607
508.50	0.0017218
508.75	0.0012168
509.00	0.0016641
509.25	0.0010202
509.50	0.0018844
509.75	0.0016302
510.00	0.0010846
510.25	0.0015828
510.50	0.00087444
510.75	0.0012066
511.00	0.0014167
511.25	0.0024301
511.50	0.0020031
511.75	0.0010303
512.00	0.0016438
512.25	0.00094900
512.50	0.0016370
512.75	0.0014574
513.00	0.00089138
513.25	0.0017794
513.50	0.00019658
513.75	0.0011049
514.00	0.00080326
514.25	0.0011456
514.50	0.0018844
514.75	0.0010914
515.00	0.0013964
515.25	5.0839e-05
515.50	0.0016269
515.75	0.0015116
516.00	0.0012032
516.25	0.00095917
516.50	0.0010812
516.75	0.0010744
517.00	0.0016540
517.25	0.0013625
517.50	0.00083038
517.75	0.0017828
518.00	0.0012235
518.25	0.0017624
518.50	0.0017590
518.75	0.00085749
519.00	0.0014913
519.25	0.00039655
519.50	0.0013049
519.75	0.0013354
520.00	0.0020573
520.25	0.0011422
520.50	0.00084732
520.75	0.0013218
521.00	0.0011354
521.25	0.0014676
521.50	0.0015387
521.75	0.0019387
522.00	0.0014540
522.25	0.0016065
522.50	0.00096934
522.75	0.00087783
523.00	0.0011930
523.25	-9.4900e-05
523.50	0.00075242
523.75	0.00090833
524.00	0.0010744
524.25	0.00031181
524.50	0.00095578
524.75	0.0012913
525.00	0.0015523
525.25	0.0016675
525.50	0.0012201
525.75	0.00087105
526.00	0.0016506
526.25	0.0012235
526.50	0.00042366
526.75	0.00016608
527.00	0.0022200
527.25	0.0012371
527.50	0.00042366
527.75	0.00052534
528.00	0.00060668
528.25	0.0018777
528.50	0.00066769
528.75	0.0016506
529.00	0.00058296
529.25	0.0014303
529.50	0.00076937
529.75	-0.00025420
530.00	0.0016235
530.25	0.00033554
530.50	0.0015930
530.75	0.00034571
531.00	-0.00014235
531.25	0.00090155
531.50	0.0011388
531.75	0.0014438
532.00	0.0010473
532.25	0.0011625
532.50	0.0012812
532.75	0.0011422
533.00	0.0011015
533.25	-1.6946e-05
533.50	0.00069480
533.75	0.0014269
534.00	0.0012439
534.25	0.00054229
534.50	0.00030504
534.75	0.0018472
535.00	0.0010032
535.25	0.00084732
535.50	-0.00015591
535.75	0.0018268
536.00	0.00054229
536.25	0.0017590
536.50	-9.1511e-05
536.75	0.00054229
537.00	0.0011625
537.25	0.00055245
537.50	0.0016641
537.75	0.00091172
538.00	0.00089816
538.25	0.00097273
538.50	0.00040333
538.75	0.0010270
539.00	0.00072531
539.25	0.0015997
539.50	0.00025081
539.75	0.0012845
540.00	0.00024742
540.25	0.0010032
540.50	0.0014438
540.75	0.00096934
541.00	0.00092867
541.25	-0.00018980
541.50	0.0012371
541.75	0.00045755
542.00	0.00054568
542.25	0.0018946
542.50	0.00095917
542.75	0.00085749
543.00	7.4564e-05
543.25	0.00030165
543.50	0.00013557
543.75	0.00041349
544.00	0.0015896
544.25	0.0010405
544.50	0.00085071
544.75	0.00036604
545.00	0.00041349
545.25	0.00088461
545.50	0.0011591
545.75	0.00094561
546.00	0.00075920
546.25	0.0026233
546.50	0.0014472
546.75	0.0013015
547.00	0.0010303
547.25	0.00044400
547.50	0.00089138
547.75	3.3893e-05
548.00	0.00022369
548.25	3.0504e-05
548.50	0.0011863
548.75	0.0010608
549.00	0.0012066
549.25	0.00063719
549.50	0.00095239
549.75	0.0022946
550.00	0.00022708
550.25	0.0013998
550.50	0.00016946
550.75	0.00067108
551.00	0.00056940
551.25	-0.00047450
551.50	-0.00028131
551.75	-0.00071514
552.00	0.0011083
552.25	0.00066091
552.50	0.00086088
552.75	0.0017590
553.00	0.0020234
553.25	0.0018099
553.50	0.00024064
553.75	0.0010642
554.00	0.00042705
554.25	0.00028470
554.50	0.00067447
554.75	-0.00022030
555.00	0.0010846
555.25	0.00053551
555.50	0.00089816
555.75	0.00026098
556.00	0.0011388
556.25	0.00085749
556.50	0.0011388
556.75	0.0012032
557.00	-0.00041688
557.25	0.00088461
557.50	0.00061346
557.75	0.00066091
558.00	0.00015252
558.25	0.00082699
558.50	0.0012574
558.75	-8.1343e-05
559.00	0.0017116
559.25	-0.00023047
559.50	0.00088799
559.75	0.0011761
560.00	0.0013049
560.25	0.00046772
560.50	-0.00075581
560.75	0.00032198
561.00	0.00045755
561.25	0.00081343
561.50	0.00032537
561.75	-0.00025420
562.00	-0.00038977
562.25	0.00093883
562.50	0.0019421
562.75	0.00077954
563.00	0.0010100
563.25	-9.1511e-05
563.50	0.0013286
563.75	0.00088122
564.00	-0.00012201
564.25	0.00055245
564.50	0.0011388
564.75	0.0014608
565.00	0.00065413
565.25	0.00030165
565.50	0.00052195
565.75	0.00050500
566.00	9.6510e-08
566.25	0.00018302
566.50	0.0011863
566.75	0.0015048
567.00	0.00030843
567.25	0.00088799
567.50	0.00049484
567.75	0.00065413
568.00	-0.00058974
568.25	0.00067786
568.50	0.00032876
568.75	0.0011591
569.00	0.00049484
569.25	0.00026775
569.50	-0.00045078
569.75	0.00085410
570.00	6.7786e-05
570.25	0.00087105
570.50	0.0011252
570.75	0.0010202
571.00	-0.00016946
571.25	0.00017624
571.50	0.0013015
571.75	0.0013761
572.00	0.00067108
572.25	0.00053551
572.50	0.00063719
572.75	0.00031859
573.00	-0.00012540
573.25	0.00091511
573.50	0.00071853
573.75	7.7954e-05
574.00	-8.8122e-05
574.25	0.00056940
574.50	0.00058296
574.75	0.00065413
575.00	0.00090155
575.25	0.00064735
575.50	0.0015387
575.75	0.0014201
576.00	0.00050500
576.25	0.00092867
576.50	0.00061685
576.75	0.00027453
577.00	-0.00021014
577.25	0.00073548
577.50	0.00094561
577.75	-0.00018980
578.00	0.00082021
578.25	-0.00051517
578.50	0.00064397
578.75	0.00015930
579.00	3.7282e-05
579.25	0.00044061
579.50	0.0010880
579.75	0.00077954
580.00	-0.00024742
580.25	0.00049145
580.50	0.00037960
580.75	0.0012439
581.00	-0.00026775
581.25	0.00062024
581.50	0.00083377
581.75	0.00010168
582.00	0.00067447
582.25	0.00056601
582.50	0.00019658
582.75	0.00082699
583.00	0.00058974
583.25	-0.00067108
583.50	0.00036604
583.75	0.00077615
584.00	0.00037282
584.25	0.0010066
584.50	-0.00037621
584.75	0.00048806
585.00	0.00036943
585.25	0.00052195
585.50	0.00017963
585.75	-0.00015591
586.00	0.0011490
586.25	0.00082021
586.50	0.0010337
586.75	0.00053212
587.00	0.00060329
587.25	0.00055584
587.50	0.0014811
587.75	0.00074225
588.00	0.00050839
588.25	0.00045078
588.50	-1.8073e-06
588.75	-3.3893e-06
589.00	0.0021081
589.25	-0.00098967
589.50	0.00068125
589.75	0.00063041
590.00	0.00056601
590.25	0.0015659
590.50	0.00096256
590.75	0.00090494
591.00	3.3893e-05
591.25	0.0011795
591.50	0.00021353
591.75	0.0015353
592.00	0.00068125
592.25	0.00052534
592.50	0.00023725
592.75	0.00022369
593.00	0.0015557
593.25	0.00020675
593.50	0.00016608
593.75	0.00092189
594.00	0.00049823
594.25	0.0012574
594.50	0.00062702
594.75	0.00079987
595.00	9.4900e-05
595.25	0.0012168
595.50	0.00077276
595.75	0.00039316
596.00	0.0010947
596.25	0.00044739
596.50	0.0012879
596.75	0.00073887
597.00	0.00010168
597.25	-0.00048806
597.50	0.00023725
597.75	0.00058296
598.00	0.00043383
598.25	0.00079309
598.50	0.00090155
598.75	0.0012439
599.00	0.00027453
599.25	0.0010202
599.50	0.00099306
599.75	0.00099306
600.00	0.0012405
