Wavelength (nm)	C16 abs N
210.00	0.69151
211.00	0.69445
212.00	0.69466
213.00	0.67929
214.00	0.65700
215.00	0.61997
216.00	0.58517
217.00	0.56643
218.00	0.56271
219.00	0.56964
220.00	0.58733
221.00	0.61358
222.00	0.64726
223.00	0.68676
224.00	0.73211
225.00	0.77690
226.00	0.82001
227.00	0.85657
228.00	0.88774
229.00	0.91171
230.00	0.93269
231.00	0.95304
232.00	0.97100
233.00	0.98831
234.00	0.99887
235.00	1.0000
236.00	0.99106
237.00	0.97081
238.00	0.94082
239.00	0.90418
240.00	0.86254
241.00	0.82102
242.00	0.78417
243.00	0.75916
244.00	0.74702
245.00	0.74426
246.00	0.74477
247.00	0.74238
248.00	0.73593
249.00	0.72969
250.00	0.73019
251.00	0.73893
252.00	0.75604
253.00	0.77684
254.00	0.79153
255.00	0.79115
256.00	0.76789
257.00	0.72040
258.00	0.65215
259.00	0.57450
260.00	0.49693
261.00	0.42745
262.00	0.36973
263.00	0.32462
264.00	0.29186
265.00	0.26902
266.00	0.25451
267.00	0.24569
268.00	0.24122
269.00	0.23980
270.00	0.24087
271.00	0.24430
272.00	0.25021
273.00	0.25890
274.00	0.26965
275.00	0.28160
276.00	0.29458
277.00	0.30787
278.00	0.31995
279.00	0.33094
280.00	0.34177
281.00	0.35268
282.00	0.36477
283.00	0.37878
284.00	0.39485
285.00	0.41372
286.00	0.43448
287.00	0.45764
288.00	0.48049
289.00	0.50314
290.00	0.52486
291.00	0.54550
292.00	0.56469
293.00	0.58269
294.00	0.59946
295.00	0.61467
296.00	0.62725
297.00	0.63422
298.00	0.63533
299.00	0.62765
300.00	0.61301
301.00	0.59226
302.00	0.56789
303.00	0.54095
304.00	0.51446
305.00	0.48804
306.00	0.46215
307.00	0.43678
308.00	0.41280
309.00	0.39029
310.00	0.36895
311.00	0.34877
312.00	0.33109
313.00	0.31456
314.00	0.29964
315.00	0.28543
316.00	0.27277
317.00	0.26022
318.00	0.24788
319.00	0.23626
320.00	0.22467
321.00	0.21315
322.00	0.20212
323.00	0.19152
324.00	0.18120
325.00	0.17163
326.00	0.16236
327.00	0.15394
328.00	0.14564
329.00	0.13840
330.00	0.13107
331.00	0.12425
332.00	0.11802
333.00	0.11196
334.00	0.10573
335.00	0.099973
336.00	0.094338
337.00	0.088858
338.00	0.083906
339.00	0.079247
340.00	0.075180
341.00	0.071784
342.00	0.069055
343.00	0.067013
344.00	0.065652
345.00	0.065243
346.00	0.064998
347.00	0.065569
348.00	0.066287
349.00	0.067463
350.00	0.068216
351.00	0.069454
352.00	0.070737
353.00	0.072373
354.00	0.073690
355.00	0.075601
356.00	0.078123
357.00	0.080457
358.00	0.083441
359.00	0.086848
360.00	0.090541
361.00	0.094797
362.00	0.10011
363.00	0.10545
364.00	0.11184
365.00	0.11792
366.00	0.12402
367.00	0.12960
368.00	0.13467
369.00	0.13908
370.00	0.14289
371.00	0.14536
372.00	0.14769
373.00	0.14909
374.00	0.15140
375.00	0.15378
376.00	0.15567
377.00	0.15867
378.00	0.16230
379.00	0.16661
380.00	0.17160
381.00	0.17712
382.00	0.18379
383.00	0.19097
384.00	0.19810
385.00	0.20519
386.00	0.21223
387.00	0.21953
388.00	0.22574
389.00	0.22981
390.00	0.23418
391.00	0.23620
392.00	0.23797
393.00	0.23804
394.00	0.23689
395.00	0.23594
396.00	0.23472
397.00	0.23374
398.00	0.23323
399.00	0.23315
400.00	0.23360
401.00	0.23536
402.00	0.23875
403.00	0.24295
404.00	0.24874
405.00	0.25486
406.00	0.26157
407.00	0.27021
408.00	0.27985
409.00	0.29003
410.00	0.30127
411.00	0.31360
412.00	0.32669
413.00	0.33951
414.00	0.35210
415.00	0.36744
416.00	0.38283
417.00	0.39927
418.00	0.41588
419.00	0.43282
420.00	0.45109
421.00	0.46997
422.00	0.48687
423.00	0.50516
424.00	0.52296
425.00	0.54256
426.00	0.56050
427.00	0.58217
428.00	0.59988
429.00	0.62007
430.00	0.63955
431.00	0.65537
432.00	0.67233
433.00	0.69217
434.00	0.71043
435.00	0.72395
436.00	0.74183
437.00	0.76038
438.00	0.77547
439.00	0.78938
440.00	0.80570
441.00	0.82199
442.00	0.83468
443.00	0.84765
444.00	0.85801
445.00	0.86907
446.00	0.88301
447.00	0.89280
448.00	0.90359
449.00	0.91059
450.00	0.91735
451.00	0.92316
452.00	0.93092
453.00	0.93299
454.00	0.93493
455.00	0.93492
456.00	0.93183
457.00	0.92894
458.00	0.92234
459.00	0.91483
460.00	0.90391
461.00	0.89093
462.00	0.87383
463.00	0.85627
464.00	0.83705
465.00	0.81477
466.00	0.79159
467.00	0.76511
468.00	0.73494
469.00	0.70694
470.00	0.67618
471.00	0.64366
472.00	0.61133
473.00	0.57758
474.00	0.54593
475.00	0.51309
476.00	0.48235
477.00	0.44908
478.00	0.41749
479.00	0.38614
480.00	0.35700
481.00	0.32933
482.00	0.30141
483.00	0.27479
484.00	0.25076
485.00	0.22117
486.00	0.20561
487.00	0.18973
488.00	0.17014
489.00	0.15027
490.00	0.13464
491.00	0.12047
492.00	0.10657
493.00	0.094347
494.00	0.084207
495.00	0.074121
496.00	0.064571
497.00	0.057005
498.00	0.049551
499.00	0.043172
500.00	0.037762
501.00	0.033321
502.00	0.028877
503.00	0.024735
504.00	0.021575
505.00	0.019156
506.00	0.015915
507.00	0.013866
508.00	0.012299
509.00	0.010516
510.00	0.0091499
511.00	0.0078459
512.00	0.0071450
513.00	0.0055999
514.00	0.0049140
515.00	0.0042478
516.00	0.0041619
517.00	0.0042364
518.00	0.0038500
519.00	0.0033120
520.00	0.0031155
521.00	0.0031393
522.00	0.0029500
523.00	0.0026210
524.00	0.0022946
525.00	0.0027260
526.00	0.0022641
527.00	0.0022579
528.00	0.0021156
529.00	0.0020292
530.00	0.0014778
531.00	0.0014892
532.00	0.0013506
533.00	0.0018089
534.00	0.0014023
535.00	0.0017437
536.00	0.0026184
537.00	0.0018218
538.00	0.0020018
539.00	0.0019258
540.00	0.0016977
541.00	0.0015218
542.00	0.0014437
543.00	0.0024234
544.00	0.0015145
545.00	0.0016542
546.00	0.0010868
547.00	0.0017008
548.00	0.0016578
549.00	0.0017334
550.00	0.0017711
551.00	0.0018596
552.00	0.0013987
553.00	0.0020634
554.00	0.0013061
555.00	0.0017070
556.00	0.0017230
557.00	0.0018890
558.00	0.0020354
559.00	0.0016025
560.00	0.0020256
561.00	0.0019889
562.00	0.0019449
563.00	0.0018518
564.00	0.0013563
565.00	0.0015601
566.00	0.0014432
567.00	0.0015073
568.00	0.0016278
569.00	0.0015063
570.00	0.0017701
571.00	0.0018911
572.00	0.0016785
573.00	0.0017132
574.00	0.0017266
575.00	0.0017220
576.00	0.0015073
577.00	0.0015497
578.00	0.0016961
579.00	0.0015808
580.00	0.0016821
581.00	0.0016811
582.00	0.0017039
583.00	0.0016661
584.00	0.0014892
585.00	0.0015197
586.00	0.0015363
587.00	0.0017323
588.00	0.0016077
589.00	0.0019403
590.00	0.0016858
591.00	0.0016527
592.00	0.0016935
593.00	0.0017721
594.00	0.0017427
595.00	0.0017065
596.00	0.0017106
597.00	0.0016227
598.00	0.0017152
599.00	0.0016454
600.00	0.0015849
