Wavelength (nm)	D03 abs N
240.00	0.089130
240.25	0.082422
240.50	0.076408
240.75	0.072959
241.00	0.074499
241.25	0.066213
241.50	0.070910
241.75	0.070383
242.00	0.072414
242.25	0.072584
242.50	0.076344
242.75	0.073675
243.00	0.077186
243.25	0.077352
243.50	0.079012
243.75	0.075176
244.00	0.079120
244.25	0.081366
244.50	0.086413
244.75	0.084123
245.00	0.083193
245.25	0.081177
245.50	0.085361
245.75	0.085309
246.00	0.087688
246.25	0.090451
246.50	0.092365
246.75	0.093044
247.00	0.097202
247.25	0.097672
247.50	0.10428
247.75	0.10499
248.00	0.10948
248.25	0.11505
248.50	0.12299
248.75	0.12107
249.00	0.12127
249.25	0.12830
249.50	0.13189
249.75	0.12865
250.00	0.13094
250.25	0.13119
250.50	0.13875
250.75	0.13217
251.00	0.13374
251.25	0.14396
251.50	0.14218
251.75	0.14921
252.00	0.14717
252.25	0.15262
252.50	0.16286
252.75	0.16155
253.00	0.16860
253.25	0.16967
253.50	0.17856
253.75	0.18023
254.00	0.19157
254.25	0.19609
254.50	0.20377
254.75	0.20224
255.00	0.20317
255.25	0.21114
255.50	0.20707
255.75	0.21313
256.00	0.21820
256.25	0.21944
256.50	0.22429
256.75	0.22687
257.00	0.22659
257.25	0.23177
257.50	0.23823
257.75	0.23870
258.00	0.25120
258.25	0.25006
258.50	0.25515
258.75	0.26241
259.00	0.26662
259.25	0.26830
259.50	0.27496
259.75	0.28145
260.00	0.29469
260.25	0.29859
260.50	0.30924
260.75	0.31312
261.00	0.32200
261.25	0.32703
261.50	0.33000
261.75	0.33503
262.00	0.33821
262.25	0.34508
262.50	0.34998
262.75	0.35739
263.00	0.36185
263.25	0.36497
263.50	0.37070
263.75	0.37755
264.00	0.38593
264.25	0.38987
264.50	0.39484
264.75	0.40300
265.00	0.41262
265.25	0.41651
265.50	0.42625
265.75	0.43005
266.00	0.43469
266.25	0.43821
266.50	0.44696
266.75	0.45504
267.00	0.46595
267.25	0.47398
267.50	0.48231
267.75	0.48471
268.00	0.49221
268.25	0.50113
268.50	0.50784
268.75	0.51540
269.00	0.51989
269.25	0.52901
269.50	0.53666
269.75	0.53768
270.00	0.55255
270.25	0.55480
270.50	0.55906
270.75	0.57026
271.00	0.57443
271.25	0.58226
271.50	0.59303
271.75	0.59912
272.00	0.60688
272.25	0.61506
272.50	0.61884
272.75	0.63250
273.00	0.63719
273.25	0.64231
273.50	0.65392
273.75	0.66255
274.00	0.66880
274.25	0.67076
274.50	0.68638
274.75	0.68824
275.00	0.69454
275.25	0.70619
275.50	0.71028
275.75	0.70899
276.00	0.72871
276.25	0.73050
276.50	0.73932
276.75	0.74617
277.00	0.75233
277.25	0.75188
277.50	0.75910
277.75	0.76967
278.00	0.77073
278.25	0.78260
278.50	0.79042
278.75	0.79020
279.00	0.79551
279.25	0.80325
279.50	0.80568
279.75	0.81239
280.00	0.82032
280.25	0.82591
280.50	0.83225
280.75	0.83807
281.00	0.84320
281.25	0.85178
281.50	0.84963
281.75	0.84844
282.00	0.86228
282.25	0.86889
282.50	0.86595
282.75	0.87542
283.00	0.88067
283.25	0.88116
283.50	0.88745
283.75	0.88724
284.00	0.88587
284.25	0.89919
284.50	0.90735
284.75	0.91263
285.00	0.90018
285.25	0.91763
285.50	0.91173
285.75	0.91616
286.00	0.92005
286.25	0.92411
286.50	0.93017
286.75	0.92787
287.00	0.93597
287.25	0.94329
287.50	0.93579
287.75	0.94521
288.00	0.93655
288.25	0.94229
288.50	0.94345
288.75	0.95304
289.00	0.94506
289.25	0.95504
289.50	0.95468
289.75	0.95869
290.00	0.96652
290.25	0.96038
290.50	0.97299
290.75	0.95850
291.00	0.97198
291.25	0.97881
291.50	0.97034
291.75	0.97982
292.00	0.97353
292.25	0.98725
292.50	0.99076
292.75	0.98098
293.00	0.99144
293.25	0.98161
293.50	0.99521
293.75	1.0000
294.00	0.99875
294.25	0.99140
294.50	0.99361
294.75	0.99353
295.00	0.99020
295.25	0.98453
295.50	0.99884
295.75	0.98496
296.00	0.98748
296.25	0.99171
296.50	0.99074
296.75	0.97598
297.00	0.99257
297.25	0.98320
297.50	0.96655
297.75	0.96820
298.00	0.96895
298.25	0.96441
298.50	0.96627
298.75	0.96083
299.00	0.95502
299.25	0.95118
299.50	0.95221
299.75	0.94827
300.00	0.94462
300.25	0.94223
300.50	0.93125
300.75	0.93034
301.00	0.92654
301.25	0.92182
301.50	0.92376
301.75	0.91707
302.00	0.91321
302.25	0.91503
302.50	0.90630
302.75	0.90948
303.00	0.90806
303.25	0.91234
303.50	0.91325
303.75	0.91516
304.00	0.90762
304.25	0.92016
304.50	0.92117
304.75	0.91847
305.00	0.92485
305.25	0.91674
305.50	0.92175
305.75	0.91569
306.00	0.92297
306.25	0.92406
306.50	0.92221
306.75	0.92783
307.00	0.92038
307.25	0.91876
307.50	0.92371
307.75	0.91891
308.00	0.92622
308.25	0.91211
308.50	0.90061
308.75	0.89375
309.00	0.88764
309.25	0.87257
309.50	0.87285
309.75	0.85478
310.00	0.84380
310.25	0.83409
310.50	0.82424
310.75	0.80178
311.00	0.79786
311.25	0.77821
311.50	0.76091
311.75	0.75973
312.00	0.75092
312.25	0.72996
312.50	0.72148
312.75	0.69797
313.00	0.68833
313.25	0.67782
313.50	0.66438
313.75	0.65796
314.00	0.64137
314.25	0.63794
314.50	0.63239
314.75	0.61799
315.00	0.61019
315.25	0.61295
315.50	0.60752
315.75	0.59783
316.00	0.59716
316.25	0.58086
316.50	0.58522
316.75	0.58730
317.00	0.57476
317.25	0.57859
317.50	0.57875
317.75	0.57498
318.00	0.57217
318.25	0.56997
318.50	0.56350
318.75	0.57290
319.00	0.56046
319.25	0.56673
319.50	0.56141
319.75	0.55268
320.00	0.55701
320.25	0.55907
320.50	0.55013
320.75	0.53959
321.00	0.53329
321.25	0.52673
321.50	0.51781
321.75	0.51855
322.00	0.50204
322.25	0.50147
322.50	0.48414
322.75	0.48150
323.00	0.45709
323.25	0.44329
323.50	0.43267
323.75	0.41848
324.00	0.40747
324.25	0.38290
324.50	0.36838
324.75	0.34911
325.00	0.33201
325.25	0.31713
325.50	0.30038
325.75	0.28355
326.00	0.26430
326.25	0.24452
326.50	0.23390
326.75	0.21824
327.00	0.19717
327.25	0.18944
327.50	0.17363
327.75	0.15646
328.00	0.14092
328.25	0.13450
328.50	0.11880
328.75	0.11392
329.00	0.10125
329.25	0.088501
329.50	0.086031
329.75	0.070445
330.00	0.070928
330.25	0.058079
330.50	0.053675
330.75	0.051548
331.00	0.045099
331.25	0.037133
331.50	0.037485
331.75	0.036993
332.00	0.034620
332.25	0.027766
332.50	0.023789
332.75	0.021419
333.00	0.018565
333.25	0.017888
333.50	0.019703
333.75	0.022129
334.00	0.013649
334.25	0.015078
334.50	0.0098048
334.75	0.015399
335.00	0.010015
335.25	0.0080255
335.50	0.011606
335.75	0.0053108
336.00	0.0099664
336.25	0.0058657
336.50	0.0087426
336.75	0.0043106
337.00	0.0030604
337.25	0.0021998
337.50	0.0054301
337.75	0.0035556
338.00	0.0031978
338.25	0.0033971
338.50	0.0053576
338.75	0.0050428
339.00	0.0057351
339.25	0.0040176
339.50	0.00019628
339.75	0.0018586
340.00	0.00082210
340.25	0.0042939
340.50	0.0038251
340.75	-0.0046691
341.00	0.0038289
341.25	0.0065836
341.50	0.00095195
341.75	0.0021183
342.00	0.0070056
342.25	-0.0038168
342.50	0.0040818
342.75	0.0063722
343.00	0.0020443
343.25	0.0013694
343.50	0.0024897
343.75	0.0030219
344.00	0.00090892
344.25	0.0068410
344.50	0.0013075
344.75	-4.9824e-05
345.00	-0.0015664
345.25	-0.0025320
345.50	0.0021470
345.75	0.0075740
346.00	0.00062960
346.25	-0.0014570
346.50	0.0019122
346.75	0.0040048
347.00	0.0044027
347.25	-0.00056543
347.50	-0.00039935
347.75	0.0037632
348.00	-0.00025365
348.25	0.0041618
348.50	0.00012532
348.75	9.8139e-06
349.00	0.00039255
349.25	0.0028913
349.50	0.0030755
349.75	0.0059819
350.00	0.0062009
350.25	0.0048299
350.50	0.0014117
350.75	0.0019250
351.00	0.0018344
351.25	0.0029411
351.50	0.0041475
351.75	0.00016306
352.00	0.0019839
352.25	0.0033654
352.50	0.0047409
352.75	0.0016699
353.00	-3.0196e-05
353.25	-0.00083871
353.50	0.0020232
353.75	0.0064402
354.00	0.0027245
354.25	0.00075944
354.50	0.0016314
354.75	0.0016080
355.00	0.0070547
355.25	0.0028453
355.50	0.00080474
355.75	0.0019801
356.00	0.0033692
356.25	0.0015038
356.50	0.0011475
356.75	0.0031238
357.00	-0.0017355
357.25	0.0042721
357.50	-0.0016012
357.75	-0.0012162
358.00	0.0016004
358.25	0.00024157
358.50	0.0051545
358.75	0.0026158
359.00	0.0035730
359.25	0.00046880
359.50	0.0030068
359.75	0.0021719
360.00	-0.00025516
360.25	0.0018986
360.50	-0.00049220
360.75	0.0023349
361.00	0.00085834
361.25	0.0024829
361.50	0.0041452
361.75	0.0035481
362.00	0.00047484
362.25	0.0034160
362.50	0.0020224
362.75	0.0015612
363.00	0.0015785
363.25	0.0018141
363.50	0.0017529
363.75	0.00068471
364.00	0.0054067
364.25	0.00032537
364.50	-0.00011928
364.75	-4.3785e-05
365.00	0.00044011
365.25	0.0028604
365.50	0.00014192
365.75	0.0022466
366.00	-0.0015763
366.25	0.0020496
366.50	-0.00047560
366.75	0.0029540
367.00	0.0019545
367.25	0.0013815
367.50	-0.0013007
367.75	0.0021251
368.00	0.0029638
368.25	0.00086588
368.50	-0.00013890
368.75	0.0024293
369.00	0.0027033
369.25	0.0020375
369.50	0.00029291
369.75	0.0017605
370.00	0.0011663
370.25	-0.00062356
370.50	0.0035964
370.75	-0.00048390
371.00	0.0035254
371.25	0.0014245
371.50	0.0025146
371.75	0.0020073
372.00	0.0023674
372.25	0.0032922
372.50	0.0022074
372.75	0.0025644
373.00	0.0014041
373.25	0.0031208
373.50	0.0027290
373.75	0.00095119
374.00	0.0026460
374.25	0.0035798
374.50	0.0024474
374.75	0.00083720
375.00	0.0012230
375.25	0.0019703
375.50	0.0029419
375.75	0.0015272
376.00	0.0015491
376.25	0.0027033
376.50	0.0017053
376.75	0.0022428
377.00	0.0010727
377.25	-0.00053750
377.50	0.0041316
377.75	0.0022406
378.00	0.0027162
378.25	0.0011943
378.50	-0.00020685
378.75	0.0028838
379.00	0.0020307
379.25	0.0011112
379.50	-0.00012230
379.75	0.0024754
380.00	0.0023463
380.25	0.0013317
380.50	0.0023010
380.75	0.00084097
381.00	0.0051364
381.25	0.0027569
381.50	0.0017393
381.75	-0.00020156
382.00	0.0024874
382.25	-0.00085305
382.50	0.0013430
382.75	0.0015687
383.00	-0.00083720
383.25	-0.00087041
383.50	0.00065602
383.75	0.0032809
384.00	0.0014577
384.25	0.0035594
384.50	0.0016986
384.75	0.0017559
385.00	0.0041679
385.25	0.0043362
385.50	0.0028747
385.75	-0.00044540
386.00	0.00033367
386.25	0.00047333
386.50	0.0056113
386.75	0.0021802
387.00	0.0033948
387.25	0.0018050
387.50	0.0011210
387.75	0.0023312
388.00	0.0023870
388.25	0.0045785
388.50	0.0053833
388.75	0.0026294
389.00	0.0033065
389.25	0.00079945
389.50	-0.00069150
389.75	0.0015106
390.00	0.0019431
390.25	0.0030725
390.50	0.0035013
390.75	0.0016699
391.00	0.0032499
391.25	0.00024384
391.50	0.0027343
391.75	0.0024135
392.00	0.0034031
392.25	0.0021840
392.50	0.0018118
392.75	0.00091948
393.00	0.0023991
393.25	0.0031253
393.50	0.0018835
393.75	-0.00069376
394.00	0.0034122
394.25	0.0024384
394.50	0.0038493
394.75	0.0039746
395.00	0.0024723
395.25	-0.00021213
395.50	7.4736e-05
395.75	0.0029374
396.00	0.0016140
396.25	0.0027434
396.50	0.0016578
396.75	0.0024459
397.00	-0.00079115
397.25	0.0010040
397.50	0.00095723
397.75	0.0020088
398.00	0.0012290
398.25	0.0017801
398.50	0.0029079
398.75	0.00021138
399.00	0.0019122
399.25	0.0022406
399.50	0.0010765
399.75	0.0030657
400.00	0.0022247
