Wavelength (nm)	D05 abs N
220.00	0.24106
220.25	0.24238
220.50	0.23657
220.75	0.24338
221.00	0.24165
221.25	0.24600
221.50	0.24267
221.75	0.24506
222.00	0.24976
222.25	0.25394
222.50	0.24637
222.75	0.25409
223.00	0.25598
223.25	0.25456
223.50	0.25854
223.75	0.25589
224.00	0.26456
224.25	0.27145
224.50	0.26953
224.75	0.26999
225.00	0.27125
225.25	0.27136
225.50	0.27267
225.75	0.27251
226.00	0.27106
226.25	0.27760
226.50	0.28141
226.75	0.27858
227.00	0.27675
227.25	0.28194
227.50	0.28683
227.75	0.28581
228.00	0.28746
228.25	0.28746
228.50	0.28487
228.75	0.28804
229.00	0.28987
229.25	0.29112
229.50	0.29465
229.75	0.28936
230.00	0.29727
230.25	0.30072
230.50	0.29637
230.75	0.29747
231.00	0.29625
231.25	0.29330
231.50	0.29652
231.75	0.30050
232.00	0.29823
232.25	0.29525
232.50	0.29671
232.75	0.29914
233.00	0.29606
233.25	0.29616
233.50	0.29654
233.75	0.29612
234.00	0.29081
234.25	0.29252
234.50	0.28543
234.75	0.28551
235.00	0.28236
235.25	0.28313
235.50	0.28251
235.75	0.28340
236.00	0.28262
236.25	0.27731
236.50	0.27595
236.75	0.27284
237.00	0.27671
237.25	0.27215
237.50	0.27591
237.75	0.27043
238.00	0.26087
238.25	0.25855
238.50	0.25566
238.75	0.25701
239.00	0.25071
239.25	0.24635
239.50	0.24902
239.75	0.23928
240.00	0.23574
240.25	0.23249
240.50	0.23015
240.75	0.22404
241.00	0.22327
241.25	0.21626
241.50	0.21292
241.75	0.21222
242.00	0.20380
242.25	0.20556
242.50	0.20221
242.75	0.19751
243.00	0.19397
243.25	0.18820
243.50	0.18733
243.75	0.18183
244.00	0.17821
244.25	0.17730
244.50	0.17298
244.75	0.17563
245.00	0.17114
245.25	0.16634
245.50	0.16406
245.75	0.15932
246.00	0.15411
246.25	0.14996
246.50	0.14453
246.75	0.14082
247.00	0.13986
247.25	0.13789
247.50	0.13070
247.75	0.12818
248.00	0.12062
248.25	0.11872
248.50	0.11508
248.75	0.11051
249.00	0.10802
249.25	0.10806
249.50	0.097935
249.75	0.097111
250.00	0.094758
250.25	0.092516
250.50	0.085486
250.75	0.082404
251.00	0.085066
251.25	0.080083
251.50	0.080613
251.75	0.078645
252.00	0.075324
252.25	0.078827
252.50	0.071741
252.75	0.070078
253.00	0.069342
253.25	0.068767
253.50	0.069536
253.75	0.065137
254.00	0.061361
254.25	0.062166
254.50	0.065385
254.75	0.063722
255.00	0.062525
255.25	0.063898
255.50	0.062506
255.75	0.061433
256.00	0.059810
256.25	0.055605
256.50	0.062154
256.75	0.059697
257.00	0.058298
257.25	0.059003
257.50	0.062661
257.75	0.059336
258.00	0.059674
258.25	0.059743
258.50	0.058170
258.75	0.060840
259.00	0.057371
259.25	0.062939
259.50	0.066405
259.75	0.063381
260.00	0.058354
260.25	0.065392
260.50	0.061657
260.75	0.061226
261.00	0.065014
261.25	0.065096
261.50	0.068245
261.75	0.070732
262.00	0.066561
262.25	0.065174
262.50	0.071811
262.75	0.071452
263.00	0.068373
263.25	0.072278
263.50	0.076368
263.75	0.075145
264.00	0.078625
264.25	0.078257
264.50	0.076886
264.75	0.081221
265.00	0.079043
265.25	0.079660
265.50	0.083092
265.75	0.083627
266.00	0.088519
266.25	0.085763
266.50	0.088140
266.75	0.088181
267.00	0.087877
267.25	0.091197
267.50	0.092553
267.75	0.095866
268.00	0.095940
268.25	0.093714
268.50	0.096259
268.75	0.098702
269.00	0.10064
269.25	0.099917
269.50	0.10623
269.75	0.10464
270.00	0.10730
270.25	0.10848
270.50	0.10984
270.75	0.11099
271.00	0.11458
271.25	0.11562
271.50	0.11418
271.75	0.11719
272.00	0.12036
272.25	0.12448
272.50	0.12588
272.75	0.12694
273.00	0.12947
273.25	0.12645
273.50	0.13220
273.75	0.13800
274.00	0.13446
274.25	0.14162
274.50	0.14365
274.75	0.13875
275.00	0.14655
275.25	0.14678
275.50	0.15480
275.75	0.15243
276.00	0.15476
276.25	0.15572
276.50	0.15987
276.75	0.16149
277.00	0.16362
277.25	0.16746
277.50	0.16936
277.75	0.16973
278.00	0.17289
278.25	0.18108
278.50	0.18029
278.75	0.18164
279.00	0.18094
279.25	0.18846
279.50	0.19146
279.75	0.19040
280.00	0.19535
280.25	0.19928
280.50	0.19811
280.75	0.20003
281.00	0.20693
281.25	0.20832
281.50	0.21507
281.75	0.21501
282.00	0.22165
282.25	0.22261
282.50	0.22369
282.75	0.22818
283.00	0.23377
283.25	0.23356
283.50	0.23804
283.75	0.24111
284.00	0.24401
284.25	0.24389
284.50	0.25152
284.75	0.24952
285.00	0.25591
285.25	0.25652
285.50	0.25949
285.75	0.26764
286.00	0.26819
286.25	0.27428
286.50	0.27381
286.75	0.28282
287.00	0.28380
287.25	0.28969
287.50	0.28744
287.75	0.29467
288.00	0.29463
288.25	0.30029
288.50	0.30215
288.75	0.31020
289.00	0.30785
289.25	0.30998
289.50	0.31675
289.75	0.32094
290.00	0.32473
290.25	0.32593
290.50	0.32385
290.75	0.33177
291.00	0.33573
291.25	0.33917
291.50	0.34610
291.75	0.34988
292.00	0.35062
292.25	0.35677
292.50	0.36064
292.75	0.36326
293.00	0.36513
293.25	0.37125
293.50	0.37695
293.75	0.37544
294.00	0.38973
294.25	0.38964
294.50	0.39389
294.75	0.39565
295.00	0.39705
295.25	0.40496
295.50	0.40880
295.75	0.40778
296.00	0.41576
296.25	0.42466
296.50	0.43362
296.75	0.43051
297.00	0.43690
297.25	0.44837
297.50	0.44956
297.75	0.45687
298.00	0.45816
298.25	0.46822
298.50	0.47037
298.75	0.48189
299.00	0.48462
299.25	0.48585
299.50	0.49605
299.75	0.49675
300.00	0.50649
300.25	0.50536
300.50	0.51669
300.75	0.51512
301.00	0.52520
301.25	0.52514
301.50	0.53478
301.75	0.53278
302.00	0.54372
302.25	0.54548
302.50	0.54030
302.75	0.54737
303.00	0.54956
303.25	0.55719
303.50	0.56142
303.75	0.56293
304.00	0.56219
304.25	0.56967
304.50	0.56635
304.75	0.57439
305.00	0.56831
305.25	0.58278
305.50	0.58632
305.75	0.58625
306.00	0.59275
306.25	0.59826
306.50	0.60335
306.75	0.60813
307.00	0.60613
307.25	0.61188
307.50	0.62144
307.75	0.63093
308.00	0.63291
308.25	0.64066
308.50	0.64538
308.75	0.65349
309.00	0.65640
309.25	0.66572
309.50	0.67561
309.75	0.68417
310.00	0.69195
310.25	0.69483
310.50	0.69588
310.75	0.71261
311.00	0.71129
311.25	0.72356
311.50	0.73498
311.75	0.73985
312.00	0.75201
312.25	0.76374
312.50	0.76492
312.75	0.78116
313.00	0.78636
313.25	0.79584
313.50	0.80088
313.75	0.79092
314.00	0.80962
314.25	0.82040
314.50	0.81509
314.75	0.81647
315.00	0.82729
315.25	0.82252
315.50	0.82317
315.75	0.82713
316.00	0.83093
316.25	0.82268
316.50	0.81781
316.75	0.82310
317.00	0.82269
317.25	0.82605
317.50	0.82010
317.75	0.82216
318.00	0.82136
318.25	0.81719
318.50	0.82008
318.75	0.80872
319.00	0.80690
319.25	0.80519
319.50	0.80532
319.75	0.80739
320.00	0.79663
320.25	0.79320
320.50	0.80438
320.75	0.80813
321.00	0.81194
321.25	0.80871
321.50	0.80653
321.75	0.80607
322.00	0.80738
322.25	0.80797
322.50	0.82221
322.75	0.82232
323.00	0.81614
323.25	0.82223
323.50	0.82063
323.75	0.82703
324.00	0.83901
324.25	0.82938
324.50	0.84931
324.75	0.84604
325.00	0.86114
325.25	0.85210
325.50	0.86107
325.75	0.88089
326.00	0.89508
326.25	0.89207
326.50	0.90558
326.75	0.91638
327.00	0.92199
327.25	0.92921
327.50	0.94414
327.75	0.94934
328.00	0.94161
328.25	0.95845
328.50	0.97062
328.75	0.97856
329.00	0.99313
329.25	0.99128
329.50	0.99819
329.75	0.99085
330.00	1.0000
330.25	0.98486
330.50	0.98001
330.75	0.98379
331.00	0.98034
331.25	0.96550
331.50	0.96761
331.75	0.94466
332.00	0.94079
332.25	0.93413
332.50	0.92492
332.75	0.89850
333.00	0.88680
333.25	0.88688
333.50	0.86492
333.75	0.85875
334.00	0.84528
334.25	0.82662
334.50	0.81931
334.75	0.80207
335.00	0.79837
335.25	0.77718
335.50	0.77083
335.75	0.75780
336.00	0.74494
336.25	0.74559
336.50	0.71807
336.75	0.71204
337.00	0.70189
337.25	0.69789
337.50	0.69071
337.75	0.67139
338.00	0.66468
338.25	0.65359
338.50	0.63600
338.75	0.62101
339.00	0.62600
339.25	0.61955
339.50	0.61938
339.75	0.61576
340.00	0.60354
340.25	0.61232
340.50	0.60419
340.75	0.59753
341.00	0.58924
341.25	0.58811
341.50	0.59087
341.75	0.59100
342.00	0.58895
342.25	0.59986
342.50	0.59164
342.75	0.59649
343.00	0.59145
343.25	0.58297
343.50	0.59190
343.75	0.58907
344.00	0.60063
344.25	0.59746
344.50	0.59608
344.75	0.61277
345.00	0.60641
345.25	0.61204
345.50	0.61367
345.75	0.61411
346.00	0.62065
346.25	0.62817
346.50	0.62956
346.75	0.62661
347.00	0.62987
347.25	0.63295
347.50	0.63029
347.75	0.62815
348.00	0.62216
348.25	0.62561
348.50	0.62132
348.75	0.61544
349.00	0.61490
349.25	0.59424
349.50	0.58810
349.75	0.58017
350.00	0.57082
350.25	0.55221
350.50	0.54035
350.75	0.52373
351.00	0.50741
351.25	0.48513
351.50	0.46554
351.75	0.44326
352.00	0.42677
352.25	0.40486
352.50	0.38199
352.75	0.35545
353.00	0.33611
353.25	0.30946
353.50	0.29097
353.75	0.26518
354.00	0.24660
354.25	0.22502
354.50	0.20493
354.75	0.18803
355.00	0.17284
355.25	0.15619
355.50	0.14199
355.75	0.12901
356.00	0.11708
356.25	0.10469
356.50	0.095425
356.75	0.087222
357.00	0.076104
357.25	0.071799
357.50	0.063376
357.75	0.058669
358.00	0.053668
358.25	0.048984
358.50	0.044288
358.75	0.041780
359.00	0.035223
359.25	0.036138
359.50	0.032509
359.75	0.027592
360.00	0.026082
360.25	0.027656
360.50	0.024561
360.75	0.023436
361.00	0.024938
361.25	0.018085
361.50	0.019586
361.75	0.016109
362.00	0.015024
362.25	0.016714
362.50	0.017141
362.75	0.016246
363.00	0.014888
363.25	0.014974
363.50	0.012089
363.75	0.013694
364.00	0.010755
364.25	0.011424
364.50	0.010315
364.75	0.011457
365.00	0.011105
365.25	0.012853
365.50	0.011577
365.75	0.0095568
366.00	0.0080588
366.25	0.012661
366.50	0.010595
366.75	0.0073978
367.00	0.010317
367.25	0.0094176
367.50	0.0085195
367.75	0.0091538
368.00	0.0095504
368.25	0.010645
368.50	0.0077734
368.75	0.0056481
369.00	0.0061362
369.25	0.0086848
369.50	0.0082075
369.75	0.0079844
370.00	0.0086861
370.25	0.0064845
370.50	0.0049700
370.75	0.0046974
371.00	0.0059513
371.25	0.0061261
371.50	0.0035934
371.75	0.0065131
372.00	0.0037339
372.25	0.0017834
372.50	0.0052713
372.75	0.0042703
373.00	0.0028829
373.25	0.0049662
373.50	0.0043739
373.75	0.0031422
374.00	0.0022079
374.25	0.0049306
374.50	0.0040624
374.75	0.0030049
375.00	0.0016639
375.25	0.0026992
375.50	0.0041419
375.75	0.0010277
376.00	0.0039067
376.25	0.0012762
376.50	6.9911e-06
376.75	0.0020458
377.00	0.0043224
377.25	0.0032019
377.50	0.0027259
377.75	0.0014008
378.00	0.0028295
378.25	0.00074741
378.50	0.0023719
378.75	0.0020738
379.00	0.00032921
379.25	0.0023433
379.50	0.0010029
379.75	0.0019829
380.00	-0.00026947
380.25	0.00045505
380.50	0.0019569
380.75	-0.0011351
381.00	0.0019956
381.25	0.00042963
381.50	0.00084528
381.75	0.00074550
382.00	0.0015088
382.25	0.0012876
382.50	-0.00085354
382.75	0.0019638
383.00	0.00022244
383.25	-0.00040866
383.50	0.0027252
383.75	0.00026121
384.00	0.0034701
384.25	0.0034796
384.50	0.0028492
384.75	0.00032159
385.00	0.0016315
385.25	0.0018672
385.50	0.0019524
385.75	0.00026248
386.00	0.0019613
386.25	0.0012844
386.50	0.0010385
386.75	0.00095777
387.00	0.0016079
387.25	-0.0014770
387.50	0.0015959
387.75	0.0012641
388.00	-0.00048937
388.25	0.0015882
388.50	0.0032515
388.75	0.00044679
389.00	0.0017319
389.25	0.00037434
389.50	0.00043408
389.75	-0.00024596
390.00	0.0016137
390.25	0.0012469
390.50	0.00029490
390.75	-0.00064000
391.00	0.0019537
391.25	0.0010277
391.50	0.00096985
391.75	0.00087833
392.00	0.00070165
392.25	0.00099718
392.50	0.0023395
392.75	0.0012889
393.00	-0.0017147
393.25	0.00054848
393.50	0.0010900
393.75	-0.0010976
394.00	-5.4022e-05
394.25	0.0024990
394.50	0.00016143
394.75	0.0025206
395.00	-0.00015444
395.25	0.0012787
395.50	-0.0014961
395.75	-0.00089676
396.00	0.0017732
396.25	-0.00034065
396.50	0.00044679
396.75	0.00037815
397.00	0.0024119
397.25	0.00032413
397.50	0.00038133
397.75	0.00051416
398.00	0.00051924
398.25	-0.0014471
398.50	-0.00012520
398.75	0.00085100
399.00	0.00045124
399.25	-0.00059678
399.50	-0.00035909
399.75	0.00063174
400.00	0.00035591
