Wavelength (nm)	E22 abs N
220.00	0.70578
220.25	0.70425
220.50	0.70256
220.75	0.70325
221.00	0.70850
221.25	0.70635
221.50	0.70431
221.75	0.70319
222.00	0.70215
222.25	0.70704
222.50	0.70940
222.75	0.70846
223.00	0.70660
223.25	0.71063
223.50	0.70689
223.75	0.70742
224.00	0.70703
224.25	0.70962
224.50	0.71220
224.75	0.70864
225.00	0.71162
225.25	0.71112
225.50	0.71055
225.75	0.70980
226.00	0.70744
226.25	0.70731
226.50	0.70938
226.75	0.71013
227.00	0.71136
227.25	0.70781
227.50	0.70808
227.75	0.70597
228.00	0.70785
228.25	0.70154
228.50	0.70318
228.75	0.70188
229.00	0.70063
229.25	0.69957
229.50	0.69978
229.75	0.69818
230.00	0.69698
230.25	0.69157
230.50	0.69311
230.75	0.68627
231.00	0.68721
231.25	0.68561
231.50	0.67917
231.75	0.68151
232.00	0.67691
232.25	0.67359
232.50	0.66889
232.75	0.66506
233.00	0.65994
233.25	0.65832
233.50	0.65543
233.75	0.65082
234.00	0.64456
234.25	0.63998
234.50	0.63356
234.75	0.62577
235.00	0.61999
235.25	0.61084
235.50	0.60198
235.75	0.59244
236.00	0.58442
236.25	0.57546
236.50	0.56771
236.75	0.55645
237.00	0.54581
237.25	0.53543
237.50	0.52396
237.75	0.51204
238.00	0.50077
238.25	0.48841
238.50	0.47581
238.75	0.46310
239.00	0.44775
239.25	0.43467
239.50	0.42107
239.75	0.40821
240.00	0.39370
240.25	0.37979
240.50	0.36575
240.75	0.35239
241.00	0.33912
241.25	0.32605
241.50	0.31330
241.75	0.30084
242.00	0.29059
242.25	0.27802
242.50	0.26578
242.75	0.25768
243.00	0.24610
243.25	0.23760
243.50	0.22743
243.75	0.21854
244.00	0.21078
244.25	0.20210
244.50	0.19402
244.75	0.18701
245.00	0.18053
245.25	0.17263
245.50	0.16923
245.75	0.16378
246.00	0.15746
246.25	0.15312
246.50	0.14912
246.75	0.14504
247.00	0.14201
247.25	0.13896
247.50	0.13492
247.75	0.13043
248.00	0.12938
248.25	0.12641
248.50	0.12486
248.75	0.12204
249.00	0.12038
249.25	0.11988
249.50	0.11562
249.75	0.11748
250.00	0.11566
250.25	0.11405
250.50	0.11119
250.75	0.10993
251.00	0.11086
251.25	0.10958
251.50	0.10895
251.75	0.11007
252.00	0.10960
252.25	0.10894
252.50	0.10811
252.75	0.10729
253.00	0.10730
253.25	0.10639
253.50	0.10749
253.75	0.10741
254.00	0.10811
254.25	0.10988
254.50	0.10816
254.75	0.10849
255.00	0.10913
255.25	0.10811
255.50	0.10675
255.75	0.10797
256.00	0.10786
256.25	0.10975
256.50	0.11034
256.75	0.11058
257.00	0.11043
257.25	0.11076
257.50	0.11002
257.75	0.10937
258.00	0.10944
258.25	0.11183
258.50	0.11260
258.75	0.11263
259.00	0.11179
259.25	0.11235
259.50	0.11300
259.75	0.11214
260.00	0.11103
260.25	0.11315
260.50	0.11197
260.75	0.11237
261.00	0.11347
261.25	0.11370
261.50	0.11406
261.75	0.11332
262.00	0.11278
262.25	0.11254
262.50	0.11199
262.75	0.11318
263.00	0.11151
263.25	0.11213
263.50	0.11309
263.75	0.11285
264.00	0.11086
264.25	0.11119
264.50	0.11051
264.75	0.11081
265.00	0.10982
265.25	0.10995
265.50	0.11060
265.75	0.11004
266.00	0.10963
266.25	0.10904
266.50	0.10762
266.75	0.10746
267.00	0.10718
267.25	0.10699
267.50	0.10608
267.75	0.10614
268.00	0.10514
268.25	0.10312
268.50	0.10416
268.75	0.10280
269.00	0.10268
269.25	0.10108
269.50	0.10116
269.75	0.099777
270.00	0.10025
270.25	0.097858
270.50	0.098149
270.75	0.097339
271.00	0.097062
271.25	0.095789
271.50	0.094851
271.75	0.095278
272.00	0.093800
272.25	0.092762
272.50	0.094233
272.75	0.092158
273.00	0.090687
273.25	0.092286
273.50	0.091070
273.75	0.090381
274.00	0.090395
274.25	0.091298
274.50	0.090331
274.75	0.089578
275.00	0.088853
275.25	0.087581
275.50	0.088000
275.75	0.087730
276.00	0.086827
276.25	0.086330
276.50	0.087261
276.75	0.085648
277.00	0.086806
277.25	0.086621
277.50	0.085314
277.75	0.083025
278.00	0.084439
278.25	0.082826
278.50	0.081902
278.75	0.082933
279.00	0.082741
279.25	0.083750
279.50	0.083210
279.75	0.081860
280.00	0.080779
280.25	0.080765
280.50	0.080893
280.75	0.081234
281.00	0.079998
281.25	0.080026
281.50	0.081270
281.75	0.080609
282.00	0.081376
282.25	0.079443
282.50	0.078917
282.75	0.078576
283.00	0.078150
283.25	0.078562
283.50	0.079457
283.75	0.080133
284.00	0.079934
284.25	0.078981
284.50	0.079081
284.75	0.077581
285.00	0.078953
285.25	0.078370
285.50	0.079130
285.75	0.077695
286.00	0.078612
286.25	0.079443
286.50	0.079159
286.75	0.080403
287.00	0.078633
287.25	0.079315
287.50	0.079408
287.75	0.080715
288.00	0.081504
288.25	0.080111
288.50	0.081113
288.75	0.081767
289.00	0.081291
289.25	0.080971
289.50	0.083061
289.75	0.082954
290.00	0.083501
290.25	0.083892
290.50	0.085683
290.75	0.086138
291.00	0.085619
291.25	0.087268
291.50	0.087268
291.75	0.088007
292.00	0.087936
292.25	0.089336
292.50	0.089358
292.75	0.090338
293.00	0.092115
293.25	0.092534
293.50	0.092527
293.75	0.095093
294.00	0.095726
294.25	0.096941
294.50	0.096159
294.75	0.096500
295.00	0.097801
295.25	0.099265
295.50	0.099130
295.75	0.10106
296.00	0.10231
296.25	0.10553
296.50	0.10632
296.75	0.10508
297.00	0.10715
297.25	0.11047
297.50	0.11049
297.75	0.11321
298.00	0.11440
298.25	0.11440
298.50	0.11786
298.75	0.11772
299.00	0.11973
299.25	0.12253
299.50	0.12276
299.75	0.12563
300.00	0.12721
300.25	0.13037
300.50	0.13225
300.75	0.13304
301.00	0.13687
301.25	0.13774
301.50	0.13991
301.75	0.14217
302.00	0.14209
302.25	0.14548
302.50	0.15071
302.75	0.15121
303.00	0.15318
303.25	0.15570
303.50	0.15631
303.75	0.16121
304.00	0.16308
304.25	0.16458
304.50	0.16795
304.75	0.17019
305.00	0.17331
305.25	0.17711
305.50	0.17739
305.75	0.18039
306.00	0.18359
306.25	0.18536
306.50	0.18972
306.75	0.18945
307.00	0.19403
307.25	0.19766
307.50	0.20119
307.75	0.20318
308.00	0.20736
308.25	0.20940
308.50	0.21063
308.75	0.21329
309.00	0.21853
309.25	0.22056
309.50	0.22478
309.75	0.22733
310.00	0.22269
310.25	0.22397
310.50	0.22170
310.75	0.22579
311.00	0.23414
311.25	0.23679
311.50	0.24483
311.75	0.24185
312.00	0.24527
312.25	0.24754
312.50	0.24990
312.75	0.25143
313.00	0.25630
313.25	0.26093
313.50	0.26937
313.75	0.26895
314.00	0.26715
314.25	0.26947
314.50	0.28039
314.75	0.28126
315.00	0.28627
315.25	0.28880
315.50	0.28807
315.75	0.29718
316.00	0.29873
316.25	0.30005
316.50	0.30048
316.75	0.30607
317.00	0.30794
317.25	0.31115
317.50	0.31400
317.75	0.32019
318.00	0.31086
318.25	0.32049
318.50	0.32593
318.75	0.32671
319.00	0.32902
319.25	0.33117
319.50	0.33667
319.75	0.33834
320.00	0.34270
320.25	0.34452
320.50	0.34302
320.75	0.34490
321.00	0.34407
321.25	0.35338
321.50	0.34817
321.75	0.35166
322.00	0.35594
322.25	0.36088
322.50	0.35644
322.75	0.36107
323.00	0.36206
323.25	0.36317
323.50	0.36214
323.75	0.37383
324.00	0.36231
324.25	0.37231
324.50	0.37465
324.75	0.37139
325.00	0.37307
325.25	0.37604
325.50	0.37125
325.75	0.37899
326.00	0.38012
326.25	0.38244
326.50	0.37860
326.75	0.37930
327.00	0.38258
327.25	0.38023
327.50	0.38063
327.75	0.38511
328.00	0.38850
328.25	0.38789
328.50	0.38955
328.75	0.38089
329.00	0.38218
329.25	0.38803
329.50	0.38272
329.75	0.38071
330.00	0.38449
330.25	0.38089
330.50	0.37759
330.75	0.38229
331.00	0.37879
331.25	0.38308
331.50	0.37624
331.75	0.37560
332.00	0.37690
332.25	0.37972
332.50	0.37476
332.75	0.37431
333.00	0.36859
333.25	0.36829
333.50	0.36918
333.75	0.36472
334.00	0.36258
334.25	0.36202
334.50	0.35702
334.75	0.36011
335.00	0.36342
335.25	0.35218
335.50	0.34972
335.75	0.34962
336.00	0.33937
336.25	0.34589
336.50	0.33999
336.75	0.33717
337.00	0.33627
337.25	0.33545
337.50	0.33208
337.75	0.32715
338.00	0.32393
338.25	0.32056
338.50	0.31413
338.75	0.31649
339.00	0.31030
339.25	0.30851
339.50	0.30470
339.75	0.30120
340.00	0.29644
340.25	0.29266
340.50	0.28566
340.75	0.28342
341.00	0.28381
341.25	0.27716
341.50	0.27273
341.75	0.27256
342.00	0.26843
342.25	0.26197
342.50	0.25760
342.75	0.25425
343.00	0.25424
343.25	0.25153
343.50	0.24890
343.75	0.24189
344.00	0.23643
344.25	0.23468
344.50	0.23257
344.75	0.22483
345.00	0.22102
345.25	0.22235
345.50	0.21633
345.75	0.21465
346.00	0.20755
346.25	0.20593
346.50	0.20456
346.75	0.19950
347.00	0.19865
347.25	0.19230
347.50	0.19307
347.75	0.18377
348.00	0.18272
348.25	0.17976
348.50	0.17456
348.75	0.17375
349.00	0.17189
349.25	0.16604
349.50	0.16153
349.75	0.15892
350.00	0.15582
350.25	0.15321
350.50	0.15022
350.75	0.14729
351.00	0.14513
351.25	0.13960
351.50	0.13980
351.75	0.13352
352.00	0.13310
352.25	0.13383
352.50	0.12919
352.75	0.12536
353.00	0.12341
353.25	0.12061
353.50	0.11776
353.75	0.11611
354.00	0.11364
354.25	0.10889
354.50	0.10587
354.75	0.10431
355.00	0.10447
355.25	0.099748
355.50	0.096429
355.75	0.097787
356.00	0.093174
356.25	0.093188
356.50	0.088547
356.75	0.088156
357.00	0.087673
357.25	0.086835
357.50	0.084354
357.75	0.079756
358.00	0.079507
358.25	0.078981
358.50	0.076266
358.75	0.073736
359.00	0.073509
359.25	0.070190
359.50	0.070076
359.75	0.068491
360.00	0.067290
360.25	0.066231
360.50	0.067183
360.75	0.064867
361.00	0.059337
361.25	0.059408
361.50	0.062848
361.75	0.059778
362.00	0.057923
362.25	0.056864
362.50	0.053907
362.75	0.055023
363.00	0.056352
363.25	0.053758
363.50	0.051853
363.75	0.053403
364.00	0.050197
364.25	0.051221
364.50	0.049885
364.75	0.051235
365.00	0.049430
365.25	0.048641
365.50	0.048222
365.75	0.046374
366.00	0.047781
366.25	0.046061
366.50	0.046189
366.75	0.045386
367.00	0.044704
367.25	0.045066
367.50	0.043652
367.75	0.043808
368.00	0.043474
368.25	0.041783
368.50	0.043254
368.75	0.042927
369.00	0.041790
369.25	0.040987
369.50	0.040290
369.75	0.041683
370.00	0.039963
370.25	0.043005
370.50	0.039459
370.75	0.043119
371.00	0.043581
371.25	0.043538
371.50	0.040916
371.75	0.041051
372.00	0.040837
372.25	0.042088
372.50	0.040063
372.75	0.039558
373.00	0.041612
373.25	0.041861
373.50	0.042216
373.75	0.041790
374.00	0.041825
374.25	0.042081
374.50	0.041989
374.75	0.044945
375.00	0.041882
375.25	0.043595
375.50	0.044910
375.75	0.044384
376.00	0.046026
376.25	0.046239
376.50	0.046360
376.75	0.047682
377.00	0.046381
377.25	0.046615
377.50	0.047703
377.75	0.051264
378.00	0.049032
378.25	0.050411
378.50	0.046594
378.75	0.049458
379.00	0.050489
379.25	0.052237
379.50	0.051882
379.75	0.053886
380.00	0.056636
380.25	0.053666
380.50	0.057354
380.75	0.054981
381.00	0.057923
381.25	0.059387
381.50	0.058513
381.75	0.060602
382.00	0.058705
382.25	0.060538
382.50	0.062130
382.75	0.062585
383.00	0.062884
383.25	0.064483
383.50	0.065883
383.75	0.067830
384.00	0.066558
384.25	0.068221
384.50	0.068740
384.75	0.071355
385.00	0.071696
385.25	0.071199
385.50	0.074127
385.75	0.073765
386.00	0.076323
386.25	0.076359
386.50	0.078732
386.75	0.078690
387.00	0.080339
387.25	0.081511
387.50	0.082535
387.75	0.082862
388.00	0.088604
388.25	0.085783
388.50	0.086095
388.75	0.090345
389.00	0.090459
389.25	0.090964
389.50	0.093039
389.75	0.095541
390.00	0.096180
390.25	0.098718
390.50	0.094759
390.75	0.10001
391.00	0.10314
391.25	0.10246
391.50	0.10524
391.75	0.10747
392.00	0.10587
392.25	0.10864
392.50	0.10921
392.75	0.11025
393.00	0.11339
393.25	0.11536
393.50	0.11622
393.75	0.11834
394.00	0.12034
394.25	0.12290
394.50	0.12506
394.75	0.12464
395.00	0.12704
395.25	0.12983
395.50	0.13241
395.75	0.13360
396.00	0.13774
396.25	0.13925
396.50	0.13980
396.75	0.14132
397.00	0.14355
397.25	0.14667
397.50	0.14997
397.75	0.14879
398.00	0.15127
398.25	0.15528
398.50	0.15555
398.75	0.15427
399.00	0.15967
399.25	0.16171
399.50	0.16527
399.75	0.16772
400.00	0.16754
400.25	0.17132
400.50	0.17261
400.75	0.17362
401.00	0.17780
401.25	0.17923
401.50	0.18229
401.75	0.18383
402.00	0.18474
402.25	0.18700
402.50	0.19144
402.75	0.19394
403.00	0.19605
403.25	0.19754
403.50	0.20145
403.75	0.20497
404.00	0.20554
404.25	0.20958
404.50	0.21033
404.75	0.21321
405.00	0.21414
405.25	0.21855
405.50	0.22214
405.75	0.22327
406.00	0.22962
406.25	0.23108
406.50	0.23010
406.75	0.23663
407.00	0.23827
407.25	0.24156
407.50	0.24574
407.75	0.24821
408.00	0.25006
408.25	0.25234
408.50	0.25517
408.75	0.25907
409.00	0.26183
409.25	0.26283
409.50	0.26730
409.75	0.27364
410.00	0.27507
410.25	0.27821
410.50	0.28207
410.75	0.28376
411.00	0.28640
411.25	0.29035
411.50	0.29752
411.75	0.29809
412.00	0.30138
412.25	0.30651
412.50	0.31001
412.75	0.31333
413.00	0.31560
413.25	0.31941
413.50	0.32163
413.75	0.32814
414.00	0.33194
414.25	0.33707
414.50	0.33482
414.75	0.33717
415.00	0.34035
415.25	0.34523
415.50	0.34749
415.75	0.35236
416.00	0.35860
416.25	0.36071
416.50	0.36569
416.75	0.36862
417.00	0.37425
417.25	0.37724
417.50	0.37951
417.75	0.38636
418.00	0.39044
418.25	0.39393
418.50	0.39814
418.75	0.40117
419.00	0.40651
419.25	0.40849
419.50	0.41603
419.75	0.41890
420.00	0.42440
420.25	0.43024
420.50	0.43336
420.75	0.44043
421.00	0.44167
421.25	0.44684
421.50	0.45299
421.75	0.45483
422.00	0.45827
422.25	0.46567
422.50	0.47090
422.75	0.47505
423.00	0.47905
423.25	0.48357
423.50	0.48902
423.75	0.49064
424.00	0.49691
424.25	0.50468
424.50	0.50629
424.75	0.50956
425.00	0.51569
425.25	0.51665
425.50	0.52276
425.75	0.52924
426.00	0.53526
426.25	0.53776
426.50	0.54241
426.75	0.54751
427.00	0.55054
427.25	0.55683
427.50	0.55970
427.75	0.56393
428.00	0.56887
428.25	0.57497
428.50	0.57853
428.75	0.58575
429.00	0.58817
429.25	0.59268
429.50	0.59931
429.75	0.60322
430.00	0.60604
430.25	0.61130
430.50	0.61706
430.75	0.62198
431.00	0.62603
431.25	0.63216
431.50	0.63498
431.75	0.64157
432.00	0.64412
432.25	0.64955
432.50	0.65484
432.75	0.65881
433.00	0.66555
433.25	0.66764
433.50	0.67174
433.75	0.67734
434.00	0.68198
434.25	0.68389
434.50	0.69296
434.75	0.69682
435.00	0.70092
435.25	0.70857
435.50	0.71470
435.75	0.72164
436.00	0.72555
436.25	0.73021
436.50	0.73411
436.75	0.73917
437.00	0.74571
437.25	0.74854
437.50	0.75355
437.75	0.76030
438.00	0.76086
438.25	0.76400
438.50	0.77205
438.75	0.77465
439.00	0.78027
439.25	0.78502
439.50	0.78700
439.75	0.79255
440.00	0.80087
440.25	0.79979
440.50	0.80676
440.75	0.80926
441.00	0.81322
441.25	0.81773
441.50	0.81990
441.75	0.82543
442.00	0.82805
442.25	0.83410
442.50	0.83919
442.75	0.84262
443.00	0.84668
443.25	0.85276
443.50	0.85204
443.75	0.85813
444.00	0.86171
444.25	0.86659
444.50	0.87038
444.75	0.87413
445.00	0.87555
445.25	0.88124
445.50	0.88787
445.75	0.89117
446.00	0.89245
446.25	0.89429
446.50	0.90011
446.75	0.90292
447.00	0.90489
447.25	0.90805
447.50	0.91355
447.75	0.91568
448.00	0.92328
448.25	0.92085
448.50	0.92448
448.75	0.92900
449.00	0.93113
449.25	0.93766
449.50	0.94062
449.75	0.94019
450.00	0.94157
450.25	0.94908
450.50	0.94841
450.75	0.95233
451.00	0.95574
451.25	0.96013
451.50	0.96020
451.75	0.96057
452.00	0.96403
452.25	0.96379
452.50	0.96755
452.75	0.96964
453.00	0.97082
453.25	0.97478
453.50	0.97689
453.75	0.97785
454.00	0.97878
454.25	0.98021
454.50	0.98372
454.75	0.98372
455.00	0.98209
455.25	0.98328
455.50	0.98498
455.75	0.98734
456.00	0.99122
456.25	0.98725
456.50	0.99178
456.75	0.99448
457.00	0.99406
457.25	0.99202
457.50	0.99608
457.75	0.99475
458.00	0.99623
458.25	0.99561
458.50	0.99621
458.75	0.99606
459.00	0.99901
459.25	0.99698
459.50	0.99460
459.75	0.99436
460.00	0.99768
460.25	0.99833
460.50	1.0000
460.75	0.99395
461.00	0.99744
461.25	0.99744
461.50	0.99751
461.75	0.99642
462.00	0.99309
462.25	0.99536
462.50	0.99135
462.75	0.99333
463.00	0.99067
463.25	0.99014
463.50	0.99027
463.75	0.98789
464.00	0.98524
464.25	0.98656
464.50	0.98546
464.75	0.98448
465.00	0.97993
465.25	0.97935
465.50	0.98202
465.75	0.97672
466.00	0.97580
466.25	0.97224
466.50	0.96881
466.75	0.96765
467.00	0.96315
467.25	0.96266
467.50	0.96264
467.75	0.95818
468.00	0.95687
468.25	0.95264
468.50	0.95177
468.75	0.95046
469.00	0.94619
469.25	0.94180
469.50	0.94052
469.75	0.93691
470.00	0.93508
470.25	0.92909
470.50	0.92648
470.75	0.92514
471.00	0.92185
471.25	0.91586
471.50	0.91095
471.75	0.90887
472.00	0.90440
472.25	0.90096
472.50	0.89751
472.75	0.89131
473.00	0.88943
473.25	0.88503
473.50	0.87921
473.75	0.87528
474.00	0.87343
474.25	0.86959
474.50	0.86358
474.75	0.85853
475.00	0.84905
475.25	0.84518
475.50	0.83753
475.75	0.83283
476.00	0.82584
476.25	0.81990
476.50	0.81634
476.75	0.80960
477.00	0.80408
477.25	0.79821
477.50	0.79434
477.75	0.79049
478.00	0.78118
478.25	0.77504
478.50	0.77127
478.75	0.76508
479.00	0.75865
479.25	0.75187
479.50	0.74711
479.75	0.74162
480.00	0.73399
480.25	0.72662
480.50	0.72085
480.75	0.71298
481.00	0.70895
481.25	0.70050
481.50	0.69462
481.75	0.69036
482.00	0.68289
482.25	0.67539
482.50	0.66929
482.75	0.66234
483.00	0.65385
483.25	0.64840
483.50	0.64018
483.75	0.63287
484.00	0.62552
484.25	0.62085
484.50	0.61147
484.75	0.60557
485.00	0.59716
485.25	0.58911
485.50	0.58092
485.75	0.57770
486.00	0.56726
486.25	0.55998
486.50	0.55280
486.75	0.54269
487.00	0.53614
487.25	0.53099
487.50	0.52286
487.75	0.51295
488.00	0.50602
488.25	0.50052
488.50	0.49249
488.75	0.48384
489.00	0.47485
489.25	0.46833
489.50	0.46247
489.75	0.45383
490.00	0.44453
490.25	0.43917
490.50	0.43161
490.75	0.42334
491.00	0.41542
491.25	0.40834
491.50	0.40144
491.75	0.39471
492.00	0.38658
492.25	0.37878
492.50	0.37153
492.75	0.36469
493.00	0.35666
493.25	0.35022
493.50	0.34484
493.75	0.33861
494.00	0.33359
494.25	0.32571
494.50	0.32430
494.75	0.32121
495.00	0.31509
495.25	0.30673
495.50	0.29935
495.75	0.29106
496.00	0.28817
496.25	0.28213
496.50	0.27470
496.75	0.26790
497.00	0.26362
497.25	0.25809
497.50	0.25178
497.75	0.24437
498.00	0.24034
498.25	0.23456
498.50	0.22863
498.75	0.22301
499.00	0.21962
499.25	0.21477
499.50	0.20873
499.75	0.20376
500.00	0.19920
500.25	0.19398
500.50	0.18856
500.75	0.18481
501.00	0.18078
501.25	0.17758
501.50	0.17361
501.75	0.16773
502.00	0.16429
502.25	0.16076
502.50	0.15494
502.75	0.15400
503.00	0.14933
503.25	0.14535
503.50	0.14281
503.75	0.13924
504.00	0.13402
504.25	0.13120
504.50	0.12889
504.75	0.12376
505.00	0.12200
505.25	0.11798
505.50	0.11603
505.75	0.11369
506.00	0.11015
506.25	0.10651
506.50	0.10457
506.75	0.10263
507.00	0.098874
507.25	0.098767
507.50	0.096308
507.75	0.093544
508.00	0.090921
508.25	0.088036
508.50	0.084660
508.75	0.082329
509.00	0.081227
509.25	0.079401
509.50	0.077538
509.75	0.074383
510.00	0.073807
510.25	0.073893
510.50	0.067752
510.75	0.066928
511.00	0.065272
511.25	0.063402
511.50	0.061661
511.75	0.058285
512.00	0.060204
512.25	0.056729
512.50	0.056025
512.75	0.055613
513.00	0.051775
513.25	0.051619
513.50	0.051626
513.75	0.048321
514.00	0.046125
514.25	0.046978
514.50	0.045272
514.75	0.044434
515.00	0.042017
515.25	0.041704
515.50	0.039338
515.75	0.035948
516.00	0.036403
516.25	0.036097
516.50	0.034974
516.75	0.033837
517.00	0.032771
517.25	0.030937
517.50	0.030091
517.75	0.030575
518.00	0.029708
518.25	0.028976
518.50	0.027924
518.75	0.028784
519.00	0.026616
519.25	0.024747
519.50	0.024555
519.75	0.024257
520.00	0.024121
520.25	0.022821
520.50	0.020973
520.75	0.021250
521.00	0.019701
521.25	0.022053
521.50	0.021904
521.75	0.019545
522.00	0.017491
522.25	0.018258
522.50	0.018749
522.75	0.016289
523.00	0.016197
523.25	0.015188
523.50	0.017270
523.75	0.014740
524.00	0.016837
524.25	0.014037
524.50	0.013631
524.75	0.012736
525.00	0.013532
525.25	0.013347
525.50	0.011435
525.75	0.013944
526.00	0.011293
526.25	0.013781
526.50	0.012267
526.75	0.010007
527.00	0.010739
527.25	0.011251
527.50	0.011542
527.75	0.0090829
528.00	0.010199
528.25	0.0089336
528.50	0.0095235
528.75	0.0089052
529.00	0.0069223
529.25	0.0090260
529.50	0.0083508
529.75	0.010121
530.00	0.0074767
530.25	0.0078320
530.50	0.0089265
530.75	0.0060908
531.00	0.0058776
531.25	0.0067517
531.50	0.0054440
531.75	0.0053019
532.00	0.0075406
532.25	0.0068228
532.50	0.0056857
532.75	0.0057283
533.00	0.0050389
533.25	0.0045841
533.50	0.0050176
533.75	0.0053872
534.00	0.0051171
534.25	0.0055080
534.50	0.0077965
534.75	0.0049181
535.00	0.0046196
535.25	0.0042998
535.50	0.0050389
535.75	0.0025586
536.00	0.0029566
536.25	0.0042856
536.50	0.0035322
536.75	0.0027149
537.00	0.0046552
537.25	0.0052450
537.50	0.0024022
537.75	0.0040510
538.00	0.0034825
538.25	0.0037454
538.50	0.0045557
538.75	0.0030774
539.00	0.0041861
539.25	0.0033901
539.50	0.0030703
539.75	0.0040510
540.00	0.0029850
540.25	0.0049679
540.50	0.0047689
540.75	0.0046125
541.00	0.0034896
541.25	0.0044562
541.50	0.0029210
541.75	0.0045130
542.00	0.0016773
542.25	0.0030703
542.50	0.0033048
542.75	0.0036886
543.00	0.0019616
543.25	0.0018478
543.50	0.0030205
543.75	0.0036033
544.00	0.0034043
544.25	0.0029352
544.50	0.0042714
544.75	0.0029068
545.00	0.0024164
545.25	0.0015565
545.50	0.00080310
545.75	0.0038663
546.00	0.0025301
546.25	0.0017697
546.50	0.0042003
546.75	0.0044277
547.00	0.0033048
547.25	0.0012935
547.50	0.0027433
547.75	0.0020753
548.00	0.0039658
548.25	0.0037739
548.50	0.0030347
548.75	0.00073914
549.00	0.0041861
549.25	0.0025799
549.50	0.0013432
549.75	0.0013788
550.00	0.0016702
550.25	0.0028215
550.50	0.0024306
550.75	0.0015422
551.00	0.0020540
551.25	0.0018550
551.50	0.0010376
551.75	-7.1070e-06
552.00	0.0022601
552.25	0.0037881
552.50	0.0023027
552.75	0.0014356
553.00	0.0010021
553.25	0.0036317
553.50	0.0017412
553.75	0.0047831
554.00	0.0015778
554.25	0.0023169
554.50	0.0031911
554.75	0.0022103
555.00	0.00035536
555.25	0.0015565
555.50	0.0029494
555.75	0.0011727
556.00	0.0022885
556.25	0.0033474
556.50	0.0020895
556.75	0.0018478
557.00	0.00059700
557.25	0.0018052
557.50	0.00079600
557.75	0.0033830
558.00	0.0026154
558.25	0.0023596
558.50	0.0013503
558.75	0.0022103
559.00	0.0034896
559.25	9.2392e-05
559.50	-0.00044775
559.75	0.0028855
560.00	0.0012793
560.25	0.0015280
560.50	0.0027576
560.75	0.0036673
561.00	0.0031556
561.25	0.0035535
561.50	0.00025586
561.75	0.0016560
562.00	0.0013432
562.25	0.00080310
562.50	-0.00038378
562.75	0.0015636
563.00	0.0048115
563.25	0.0032622
563.50	0.0016204
563.75	0.0024946
564.00	0.00049750
564.25	0.0014854
564.50	0.0024733
564.75	-0.00051171
565.00	-0.00024164
565.25	0.0030632
565.50	0.00044064
565.75	0.0040439
566.00	0.0021677
566.25	0.0035180
566.50	0.0010447
566.75	0.0022885
567.00	0.0016133
567.25	0.00034114
567.50	0.0019616
567.75	0.00012082
568.00	0.0024662
568.25	0.0017910
568.50	0.0034398
568.75	0.0033403
569.00	0.0015351
569.25	0.0013646
569.50	0.0014248
569.75	0.00061121
570.00	0.00053303
570.25	0.00081732
570.50	0.0026296
570.75	0.0012082
571.00	0.0026794
571.25	0.0020682
571.50	0.00012082
571.75	0.0022103
572.00	0.0014285
572.25	0.0018621
572.50	0.0025088
572.75	0.0019331
573.00	0.0018123
573.25	0.0015920
573.50	0.0023951
573.75	0.0013646
574.00	0.0016631
574.25	0.0024448
574.50	0.0011016
574.75	0.00091682
575.00	0.00058278
575.25	0.0023027
575.50	0.0022814
575.75	0.0013148
576.00	0.00058989
576.25	0.0026083
576.50	0.0019616
576.75	0.0022530
577.00	0.00030561
577.25	0.0022956
577.50	0.0026865
577.75	0.0024662
578.00	5.6857e-05
578.25	0.0016702
578.50	0.0024093
578.75	0.00090971
579.00	0.0013788
579.25	0.0018478
579.50	0.0027078
579.75	0.0017981
580.00	0.0025372
580.25	0.0018834
580.50	0.0010590
580.75	0.0014174
581.00	0.00067517
581.25	0.00094524
581.50	0.0042216
581.75	0.0017057
582.00	0.0025514
582.25	0.0018550
582.50	0.0037241
582.75	-0.00076046
583.00	0.0018621
583.25	0.0013646
583.50	0.00098078
583.75	0.0020540
584.00	0.0030632
584.25	0.0031129
584.50	0.00088128
584.75	0.0017768
585.00	0.0018265
585.25	0.00058278
585.50	0.0013859
585.75	0.0015565
586.00	0.0032551
586.25	0.0020184
586.50	0.0020895
586.75	0.0021250
587.00	0.0012082
587.25	0.0032124
587.50	0.0018123
587.75	0.0030987
588.00	0.0024235
588.25	0.0017270
588.50	-0.00026296
588.75	0.0013788
589.00	0.00079600
589.25	0.0014498
589.50	0.0010803
589.75	0.0024875
590.00	0.0030276
590.25	0.0013717
590.50	0.0015778
590.75	0.0017483
591.00	0.00017768
591.25	0.0021250
591.50	0.0024804
591.75	0.00019900
592.00	0.0013006
592.25	0.0010590
592.50	0.00022032
592.75	0.0011940
593.00	0.0010945
593.25	0.0016915
593.50	0.0031342
593.75	0.0022601
594.00	0.0010376
594.25	0.0014001
594.50	0.00033403
594.75	0.00068939
595.00	0.0014854
595.25	0.0013432
595.50	0.0027007
595.75	0.0020468
596.00	0.0022601
596.25	0.0026794
596.50	0.0012153
596.75	0.0013432
597.00	0.00098078
597.25	0.0022885
597.50	-0.00054725
597.75	0.0013361
598.00	0.0017768
598.25	0.00066807
598.50	0.0029352
598.75	0.0014356
599.00	0.0013930
599.25	0.0019118
599.50	0.00071782
599.75	0.00093103
600.00	0.0031769
