Wavelength (nm)	F07 abs N
230.00	0.81868
230.25	0.81052
230.50	0.80985
230.75	0.79413
231.00	0.80179
231.25	0.79494
231.50	0.77626
231.75	0.78337
232.00	0.78656
232.25	0.78144
232.50	0.77679
232.75	0.78233
233.00	0.77740
233.25	0.76830
233.50	0.76990
233.75	0.77008
234.00	0.76317
234.25	0.75670
234.50	0.77098
234.75	0.76935
235.00	0.77457
235.25	0.76288
235.50	0.76869
235.75	0.77042
236.00	0.77092
236.25	0.77492
236.50	0.77926
236.75	0.77881
237.00	0.77335
237.25	0.77871
237.50	0.78609
237.75	0.78565
238.00	0.78543
238.25	0.78054
238.50	0.78581
238.75	0.78489
239.00	0.78835
239.25	0.79561
239.50	0.79209
239.75	0.80053
240.00	0.79668
240.25	0.79960
240.50	0.79990
240.75	0.79915
241.00	0.81192
241.25	0.79838
241.50	0.80061
241.75	0.80481
242.00	0.80081
242.25	0.80433
242.50	0.80174
242.75	0.80269
243.00	0.81280
243.25	0.80534
243.50	0.80444
243.75	0.80686
244.00	0.80808
244.25	0.80480
244.50	0.80598
244.75	0.80890
245.00	0.80439
245.25	0.80654
245.50	0.80421
245.75	0.79110
246.00	0.80707
246.25	0.80157
246.50	0.79842
246.75	0.79340
247.00	0.79377
247.25	0.81113
247.50	0.79282
247.75	0.80052
248.00	0.80705
248.25	0.80398
248.50	0.79292
248.75	0.80032
249.00	0.79386
249.25	0.79119
249.50	0.79918
249.75	0.79038
250.00	0.78511
250.25	0.79442
250.50	0.79035
250.75	0.78143
251.00	0.79055
251.25	0.78362
251.50	0.78516
251.75	0.78082
252.00	0.77903
252.25	0.78318
252.50	0.77495
252.75	0.77803
253.00	0.77816
253.25	0.77670
253.50	0.77445
253.75	0.77124
254.00	0.77340
254.25	0.76509
254.50	0.76402
254.75	0.77402
255.00	0.76785
255.25	0.76640
255.50	0.76181
255.75	0.77500
256.00	0.77233
256.25	0.77382
256.50	0.77506
256.75	0.76843
257.00	0.77045
257.25	0.77370
257.50	0.78239
257.75	0.77504
258.00	0.77883
258.25	0.77466
258.50	0.78272
258.75	0.78216
259.00	0.78728
259.25	0.78861
259.50	0.79348
259.75	0.79365
260.00	0.81265
260.25	0.80855
260.50	0.81217
260.75	0.81157
261.00	0.81350
261.25	0.82728
261.50	0.82487
261.75	0.82086
262.00	0.83422
262.25	0.83858
262.50	0.85606
262.75	0.84326
263.00	0.85936
263.25	0.85802
263.50	0.87241
263.75	0.87205
264.00	0.87044
264.25	0.87864
264.50	0.89046
264.75	0.88374
265.00	0.89490
265.25	0.89857
265.50	0.90035
265.75	0.91305
266.00	0.92235
266.25	0.91677
266.50	0.92399
266.75	0.92393
267.00	0.93566
267.25	0.93456
267.50	0.94127
267.75	0.94534
268.00	0.95180
268.25	0.95498
268.50	0.95195
268.75	0.97110
269.00	0.96494
269.25	0.97143
269.50	0.96202
269.75	0.97609
270.00	0.97661
270.25	0.97571
270.50	0.97785
270.75	0.98290
271.00	0.98287
271.25	0.98787
271.50	0.98919
271.75	0.99267
272.00	0.97976
272.25	0.99467
272.50	0.99709
272.75	1.0000
273.00	0.98340
273.25	0.99822
273.50	0.99478
273.75	0.99526
274.00	0.99602
274.25	0.98812
274.50	0.99423
274.75	0.98727
275.00	0.98284
275.25	0.97900
275.50	0.98179
275.75	0.96886
276.00	0.96797
276.25	0.96441
276.50	0.96044
276.75	0.95672
277.00	0.95041
277.25	0.94791
277.50	0.94668
277.75	0.93772
278.00	0.91948
278.25	0.92187
278.50	0.91670
278.75	0.90517
279.00	0.89378
279.25	0.89342
279.50	0.87874
279.75	0.87166
280.00	0.86397
280.25	0.86209
280.50	0.85542
280.75	0.84275
281.00	0.83024
281.25	0.82071
281.50	0.81580
281.75	0.79918
282.00	0.79140
282.25	0.78221
282.50	0.77350
282.75	0.77305
283.00	0.75404
283.25	0.74563
283.50	0.73427
283.75	0.72400
284.00	0.71482
284.25	0.70177
284.50	0.69802
284.75	0.67580
285.00	0.66845
285.25	0.66069
285.50	0.64464
285.75	0.64151
286.00	0.62699
286.25	0.62136
286.50	0.61119
286.75	0.59380
287.00	0.58111
287.25	0.57679
287.50	0.55648
287.75	0.54845
288.00	0.53301
288.25	0.52066
288.50	0.51732
288.75	0.50479
289.00	0.49343
289.25	0.48229
289.50	0.47639
289.75	0.46320
290.00	0.44811
290.25	0.43430
290.50	0.42562
290.75	0.41953
291.00	0.40518
291.25	0.39698
291.50	0.38330
291.75	0.37977
292.00	0.36670
292.25	0.35856
292.50	0.34821
292.75	0.33501
293.00	0.33194
293.25	0.32495
293.50	0.30782
293.75	0.29206
294.00	0.28873
294.25	0.28296
294.50	0.27036
294.75	0.26921
295.00	0.26038
295.25	0.25559
295.50	0.25037
295.75	0.24246
296.00	0.23084
296.25	0.22729
296.50	0.21302
296.75	0.20792
297.00	0.20340
297.25	0.19557
297.50	0.18520
297.75	0.18024
298.00	0.17430
298.25	0.17045
298.50	0.15961
298.75	0.15328
299.00	0.14216
299.25	0.13633
299.50	0.12100
299.75	0.12292
300.00	0.11827
300.25	0.11919
300.50	0.11481
300.75	0.10133
301.00	0.099852
301.25	0.089405
301.50	0.085164
301.75	0.087911
302.00	0.080661
302.25	0.076133
302.50	0.067637
302.75	0.069612
303.00	0.060709
303.25	0.058534
303.50	0.060775
303.75	0.053204
304.00	0.051356
304.25	0.047329
304.50	0.048151
304.75	0.039660
305.00	0.035065
305.25	0.033007
305.50	0.037168
305.75	0.030242
306.00	0.031717
306.25	0.031020
306.50	0.029449
306.75	0.027427
307.00	0.023398
307.25	0.025003
307.50	0.023824
307.75	0.018800
308.00	0.026094
308.25	0.021947
308.50	0.020790
308.75	0.017844
309.00	0.013084
309.25	0.013846
309.50	0.019513
309.75	0.021397
310.00	0.0089251
310.25	0.0084639
310.50	0.011951
310.75	0.010945
311.00	0.012224
311.25	0.013182
311.50	0.0092774
311.75	0.011781
312.00	0.012251
312.25	0.0086308
312.50	0.013242
312.75	0.010370
313.00	0.0076881
313.25	0.0076356
313.50	0.0097515
313.75	0.010123
314.00	0.0064364
314.25	0.0085561
314.50	0.0095689
314.75	0.0087618
315.00	0.0047060
315.25	0.0034682
315.50	0.0065803
315.75	0.010673
316.00	0.011579
316.25	0.0036554
316.50	0.0072749
316.75	0.011326
317.00	0.0054015
317.25	0.0084565
317.50	0.0072528
317.75	0.0061025
318.00	0.0052779
318.25	0.0029913
318.50	0.0097672
318.75	0.0065877
319.00	0.0074409
319.25	0.0052337
319.50	0.0049708
319.75	0.0065278
320.00	0.0072583
320.25	0.0051903
320.50	0.012154
320.75	0.0075193
321.00	0.0076614
321.25	0.0068192
321.50	0.0083689
321.75	0.0053517
322.00	0.0046018
322.25	0.011683
322.50	0.010542
322.75	0.0020191
323.00	0.010386
323.25	0.0052069
323.50	0.0059503
323.75	0.0038547
324.00	0.0047319
324.25	0.0059513
324.50	0.0019407
324.75	0.0038888
325.00	0.0063451
325.25	0.0051958
325.50	0.0033510
325.75	0.0061560
326.00	0.0058719
326.25	0.0056266
326.50	0.0045612
326.75	0.0044164
327.00	0.0077813
327.25	0.0016695
327.50	0.0073754
327.75	0.0026574
328.00	0.0018632
328.25	0.0050067
328.50	0.0049772
328.75	0.0085902
329.00	0.0036508
329.25	0.0033981
329.50	0.0022626
329.75	0.0025209
330.00	0.0024508
330.25	0.0033068
330.50	0.0010608
330.75	0.0087812
331.00	0.0025845
331.25	0.0048232
331.50	0.00033667
331.75	0.0054772
332.00	0.0090293
332.25	0.0072103
332.50	0.00072223
332.75	0.0010598
333.00	0.0045723
333.25	0.0043675
333.50	0.0024471
333.75	0.0037154
334.00	0.0076780
334.25	0.0029240
334.50	0.0088817
334.75	0.0049643
335.00	0.0041498
335.25	0.012866
335.50	0.0050206
335.75	0.0046774
336.00	0.0014795
336.25	0.0094564
336.50	0.0018909
336.75	0.0082877
337.00	0.0077038
337.25	0.0062381
337.50	0.0080184
337.75	0.0079436
338.00	0.0074748
338.25	0.0073247
338.50	0.0053517
338.75	0.0075691
339.00	0.0016824
339.25	0.0010643
339.50	0.0013135
339.75	0.0020496
340.00	0.0090994
340.25	0.0076097
340.50	0.0079224
340.75	0.0042264
341.00	0.0012738
341.25	0.0034617
341.50	0.0070581
341.75	0.0070591
342.00	0.0062077
342.25	0.0030135
342.50	0.0020883
342.75	0.0028244
343.00	0.0085699
343.25	0.0014463
343.50	0.0025587
343.75	0.0066661
344.00	0.0015367
344.25	0.0060131
344.50	0.0062206
344.75	0.0017101
345.00	0.00016603
345.25	0.0038621
345.50	0.0061883
345.75	0.0072445
346.00	0.0071264
346.25	0.00013744
346.50	0.0048361
346.75	0.0035549
347.00	0.0082822
347.25	0.0045843
347.50	0.0029600
347.75	0.0054550
348.00	0.0023060
348.25	0.0022460
348.50	0.0081752
348.75	0.0054836
349.00	0.0054061
349.25	0.0095827
349.50	0.0031767
349.75	0.0027792
350.00	0.0054080
