Wavelength (nm)	G04 abs N
200.00	0.65542
201.00	0.62996
202.00	0.60313
203.00	0.64170
204.00	0.66416
205.00	0.71537
206.00	0.77501
207.00	0.74951
208.00	0.73319
209.00	0.82329
210.00	0.92968
211.00	1.00000
212.00	0.98996
213.00	0.98265
214.00	0.95672
215.00	0.91811
216.00	0.87688
217.00	0.84646
218.00	0.82843
219.00	0.81748
220.00	0.80697
221.00	0.79218
222.00	0.77040
223.00	0.73979
224.00	0.69887
225.00	0.65244
226.00	0.60325
227.00	0.55675
228.00	0.51326
229.00	0.47452
230.00	0.43925
231.00	0.40747
232.00	0.37949
233.00	0.35465
234.00	0.33309
235.00	0.31565
236.00	0.30272
237.00	0.29397
238.00	0.28880
239.00	0.28486
240.00	0.27977
241.00	0.27195
242.00	0.26213
243.00	0.25059
244.00	0.23803
245.00	0.22573
246.00	0.21330
247.00	0.20121
248.00	0.18963
249.00	0.17859
250.00	0.16797
251.00	0.15750
252.00	0.14715
253.00	0.13666
254.00	0.12611
255.00	0.11555
256.00	0.10526
257.00	0.095475
258.00	0.085762
259.00	0.076838
260.00	0.068513
261.00	0.061065
262.00	0.054587
263.00	0.048875
264.00	0.043676
265.00	0.039164
266.00	0.035365
267.00	0.032235
268.00	0.029337
269.00	0.026931
270.00	0.025252
271.00	0.024121
272.00	0.023057
273.00	0.022105
274.00	0.021617
275.00	0.021502
276.00	0.021703
277.00	0.022157
278.00	0.023123
279.00	0.024352
280.00	0.025723
281.00	0.027571
282.00	0.029876
283.00	0.032481
284.00	0.035644
285.00	0.039074
286.00	0.042831
287.00	0.046752
288.00	0.051146
289.00	0.056202
290.00	0.061324
291.00	0.066892
292.00	0.072641
293.00	0.079289
294.00	0.086062
295.00	0.092924
296.00	0.099946
297.00	0.10695
298.00	0.11386
299.00	0.12033
300.00	0.12621
301.00	0.13181
302.00	0.13703
303.00	0.14209
304.00	0.14699
305.00	0.15176
306.00	0.15627
307.00	0.15990
308.00	0.16290
309.00	0.16472
310.00	0.16528
311.00	0.16389
312.00	0.16087
313.00	0.15627
314.00	0.15019
315.00	0.14327
316.00	0.13568
317.00	0.12812
318.00	0.12119
319.00	0.11501
320.00	0.10966
321.00	0.10547
322.00	0.10195
323.00	0.099592
324.00	0.097896
325.00	0.097421
326.00	0.097956
327.00	0.098967
328.00	0.10019
329.00	0.10210
330.00	0.10453
331.00	0.10670
332.00	0.10952
333.00	0.11227
334.00	0.11474
335.00	0.11734
336.00	0.12012
337.00	0.12257
338.00	0.12464
339.00	0.12663
340.00	0.12842
341.00	0.12999
342.00	0.13079
343.00	0.13116
344.00	0.13094
345.00	0.13001
346.00	0.12874
347.00	0.12701
348.00	0.12455
349.00	0.12163
350.00	0.11813
351.00	0.11382
352.00	0.10938
353.00	0.10481
354.00	0.099493
355.00	0.094145
356.00	0.088737
357.00	0.083931
358.00	0.078889
359.00	0.073517
360.00	0.068215
361.00	0.063349
362.00	0.058056
363.00	0.053126
364.00	0.048475
365.00	0.044047
366.00	0.040070
367.00	0.036513
368.00	0.032775
369.00	0.029271
370.00	0.026627
371.00	0.024039
372.00	0.021547
373.00	0.019251
374.00	0.017277
375.00	0.015616
376.00	0.013890
377.00	0.012376
378.00	0.010881
379.00	0.010200
380.00	0.0090554
381.00	0.0085188
382.00	0.0072935
383.00	0.0064628
384.00	0.0057141
385.00	0.0052757
386.00	0.0045713
387.00	0.0038788
388.00	0.0033160
389.00	0.0030229
390.00	0.0029071
391.00	0.0026726
392.00	0.0025577
393.00	0.0022808
394.00	0.0024395
395.00	0.0020840
396.00	0.0019320
397.00	0.0017089
398.00	0.0016313
399.00	0.0012881
400.00	0.0015207
401.00	0.0015326
402.00	0.0014506
403.00	0.0013944
404.00	0.0014301
405.00	0.0013310
406.00	0.0015969
407.00	0.0015288
408.00	0.0011866
409.00	0.0016856
410.00	0.0015012
411.00	0.0019258
412.00	0.0017413
413.00	0.0018700
414.00	0.0022513
415.00	0.0019968
416.00	0.0021483
417.00	0.0021936
418.00	0.0022303
419.00	0.0024781
420.00	0.0025406
421.00	0.0025725
422.00	0.0028084
423.00	0.0028594
424.00	0.0028322
425.00	0.0029657
426.00	0.0022737
427.00	0.0025091
428.00	0.0024486
429.00	0.0024028
430.00	0.0027341
431.00	0.0029914
432.00	0.0027212
433.00	0.0027832
434.00	0.0028456
435.00	0.0030572
436.00	0.0032021
437.00	0.0033188
438.00	0.0031501
439.00	0.0038059
440.00	0.0035233
441.00	0.0035981
442.00	0.0037001
443.00	0.0037935
444.00	0.0038397
445.00	0.0042653
446.00	0.0043482
447.00	0.0041528
448.00	0.0044288
449.00	0.0045317
450.00	0.0044026
451.00	0.0041996
452.00	0.0039627
453.00	0.0037325
454.00	0.0035624
455.00	0.0034013
456.00	0.0033112
457.00	0.0031263
458.00	0.0026688
459.00	0.0023113
460.00	0.0022665
461.00	0.0024257
462.00	0.0022680
463.00	0.0016923
464.00	0.0017342
465.00	0.0018624
466.00	0.0014940
467.00	0.0014788
468.00	0.0016946
469.00	0.0020216
470.00	0.0019825
471.00	0.0015946
472.00	0.0013758
473.00	0.0011966
474.00	0.0012014
475.00	0.0010646
476.00	0.0013301
477.00	0.0012128
478.00	0.0011833
479.00	0.00082059
480.00	0.00081916
481.00	0.00067285
482.00	0.00078580
483.00	0.00098072
484.00	0.00056133
485.00	0.00056753
486.00	0.00068858
487.00	0.00051129
488.00	0.00035783
489.00	0.00057944
490.00	0.00073887
491.00	0.00053292
492.00	0.00053140
493.00	0.00062730
494.00	0.00080817
495.00	0.00088112
496.00	0.00045354
497.00	0.00063174
498.00	0.00041312
499.00	0.00056229
500.00	0.00056801
