Wavelength (nm)	G21 abs N
210.00	0.57611
211.00	0.52849
212.00	0.48403
213.00	0.44228
214.00	0.40841
215.00	0.38340
216.00	0.36642
217.00	0.35664
218.00	0.35317
219.00	0.35432
220.00	0.35924
221.00	0.36683
222.00	0.37719
223.00	0.38919
224.00	0.40342
225.00	0.41910
226.00	0.43527
227.00	0.45148
228.00	0.46724
229.00	0.48237
230.00	0.49814
231.00	0.51491
232.00	0.53154
233.00	0.54872
234.00	0.56568
235.00	0.58279
236.00	0.60044
237.00	0.62158
238.00	0.64790
239.00	0.67926
240.00	0.71370
241.00	0.74883
242.00	0.78202
243.00	0.81283
244.00	0.84218
245.00	0.87318
246.00	0.90889
247.00	0.94581
248.00	0.97921
249.00	0.99961
250.00	1.0000
251.00	0.97915
252.00	0.94364
253.00	0.90257
254.00	0.86380
255.00	0.83196
256.00	0.80837
257.00	0.79283
258.00	0.78212
259.00	0.77412
260.00	0.76588
261.00	0.75766
262.00	0.74861
263.00	0.73962
264.00	0.73239
265.00	0.72510
266.00	0.71771
267.00	0.70723
268.00	0.69394
269.00	0.67600
270.00	0.65390
271.00	0.62879
272.00	0.60377
273.00	0.57969
274.00	0.55883
275.00	0.54129
276.00	0.52757
277.00	0.51722
278.00	0.50935
279.00	0.50406
280.00	0.50069
281.00	0.49759
282.00	0.49396
283.00	0.48928
284.00	0.48234
285.00	0.47286
286.00	0.45897
287.00	0.44288
288.00	0.42432
289.00	0.40497
290.00	0.38509
291.00	0.36637
292.00	0.34871
293.00	0.33227
294.00	0.31772
295.00	0.30456
296.00	0.29348
297.00	0.28316
298.00	0.27369
299.00	0.26524
300.00	0.25707
301.00	0.24915
302.00	0.24138
303.00	0.23318
304.00	0.22493
305.00	0.21648
306.00	0.20804
307.00	0.19946
308.00	0.19112
309.00	0.18296
310.00	0.17530
311.00	0.16758
312.00	0.16090
313.00	0.15515
314.00	0.14996
315.00	0.14508
316.00	0.14159
317.00	0.13801
318.00	0.13531
319.00	0.13308
320.00	0.13105
321.00	0.12979
322.00	0.12871
323.00	0.12773
324.00	0.12674
325.00	0.12587
326.00	0.12521
327.00	0.12454
328.00	0.12355
329.00	0.12249
330.00	0.12121
331.00	0.11950
332.00	0.11773
333.00	0.11567
334.00	0.11358
335.00	0.11125
336.00	0.10865
337.00	0.10612
338.00	0.10365
339.00	0.10104
340.00	0.098739
341.00	0.096283
342.00	0.094073
343.00	0.092235
344.00	0.090526
345.00	0.088808
346.00	0.087288
347.00	0.085856
348.00	0.084693
349.00	0.084060
350.00	0.083078
351.00	0.082430
352.00	0.081619
353.00	0.081267
354.00	0.080986
355.00	0.080783
356.00	0.080557
357.00	0.080296
358.00	0.080297
359.00	0.080513
360.00	0.081026
361.00	0.081360
362.00	0.081509
363.00	0.082068
364.00	0.082422
365.00	0.082404
366.00	0.082390
367.00	0.082264
368.00	0.082600
369.00	0.083478
370.00	0.084490
371.00	0.085289
372.00	0.085797
373.00	0.086443
374.00	0.087288
375.00	0.088007
376.00	0.088765
377.00	0.089601
378.00	0.089713
379.00	0.090358
380.00	0.091764
381.00	0.093979
382.00	0.095441
383.00	0.096913
384.00	0.098499
385.00	0.099898
386.00	0.10169
387.00	0.10278
388.00	0.10431
389.00	0.10626
390.00	0.10943
391.00	0.11150
392.00	0.11191
393.00	0.11331
394.00	0.11689
395.00	0.11936
396.00	0.12210
397.00	0.12333
398.00	0.12442
399.00	0.12639
400.00	0.12889
401.00	0.13161
402.00	0.13414
403.00	0.13609
404.00	0.13767
405.00	0.13858
406.00	0.14016
407.00	0.14289
408.00	0.14460
409.00	0.14590
410.00	0.14731
411.00	0.14897
412.00	0.15063
413.00	0.15181
414.00	0.15356
415.00	0.15512
416.00	0.15685
417.00	0.15824
418.00	0.15993
419.00	0.16162
420.00	0.16245
421.00	0.16186
422.00	0.16239
423.00	0.16221
424.00	0.16263
425.00	0.16281
426.00	0.16407
427.00	0.16329
428.00	0.16370
429.00	0.16193
430.00	0.16086
431.00	0.16049
432.00	0.16035
433.00	0.15847
434.00	0.15658
435.00	0.15685
436.00	0.15568
437.00	0.15469
438.00	0.15297
439.00	0.15133
440.00	0.14935
441.00	0.14518
442.00	0.14479
443.00	0.14252
444.00	0.14021
445.00	0.13875
446.00	0.13691
447.00	0.13551
448.00	0.13357
449.00	0.13109
450.00	0.12940
451.00	0.12768
452.00	0.12530
453.00	0.12335
454.00	0.12086
455.00	0.11810
456.00	0.11629
457.00	0.11264
458.00	0.10939
459.00	0.10683
460.00	0.10439
461.00	0.10126
462.00	0.098861
463.00	0.095067
464.00	0.091964
465.00	0.088778
466.00	0.086790
467.00	0.084579
468.00	0.082347
469.00	0.081044
470.00	0.078339
471.00	0.075637
472.00	0.073312
473.00	0.069643
474.00	0.067324
475.00	0.063750
476.00	0.061386
477.00	0.059191
478.00	0.057292
479.00	0.054499
480.00	0.051120
481.00	0.049412
482.00	0.047136
483.00	0.044271
484.00	0.041639
485.00	0.036553
486.00	0.035698
487.00	0.035077
488.00	0.034361
489.00	0.031950
490.00	0.030091
491.00	0.028556
492.00	0.027059
493.00	0.024923
494.00	0.024364
495.00	0.022935
496.00	0.021197
497.00	0.020531
498.00	0.019695
499.00	0.018141
500.00	0.017337
501.00	0.016264
502.00	0.015268
503.00	0.014880
504.00	0.015117
505.00	0.014076
506.00	0.013350
507.00	0.013131
508.00	0.012870
509.00	0.012892
510.00	0.012611
511.00	0.011778
512.00	0.011348
513.00	0.010697
514.00	0.010230
515.00	0.010419
516.00	0.010367
517.00	0.010639
518.00	0.010371
519.00	0.010142
520.00	0.0099850
521.00	0.010034
522.00	0.0098026
523.00	0.0097684
524.00	0.0092293
525.00	0.0088763
526.00	0.0092569
527.00	0.0081609
528.00	0.0090678
529.00	0.0088115
530.00	0.0085700
531.00	0.0086898
532.00	0.0078730
533.00	0.0077782
534.00	0.0074073
535.00	0.0070119
536.00	0.0069982
537.00	0.0070252
538.00	0.0056561
539.00	0.0047965
540.00	0.0051873
541.00	0.0056265
542.00	0.0048979
543.00	0.0055129
544.00	0.0052663
545.00	0.0055160
546.00	0.0059063
547.00	0.0052964
548.00	0.0046483
549.00	0.0051501
550.00	0.0057611
551.00	0.0060494
552.00	0.0055781
553.00	0.0053524
554.00	0.0060377
555.00	0.0053137
556.00	0.0054523
557.00	0.0055685
558.00	0.0052811
559.00	0.0059144
560.00	0.0055807
561.00	0.0054406
562.00	0.0057957
563.00	0.0055557
564.00	0.0057886
565.00	0.0059985
566.00	0.0062624
567.00	0.0060810
568.00	0.0051028
569.00	0.0049377
570.00	0.0059379
571.00	0.0052250
572.00	0.0043981
573.00	0.0046391
574.00	0.0051165
575.00	0.0052042
576.00	0.0046279
577.00	0.0051935
578.00	0.0041107
579.00	0.0041479
580.00	0.0044694
581.00	0.0038279
582.00	0.0035773
583.00	0.0039660
584.00	0.0013660
585.00	0.0012545
586.00	0.0015351
587.00	0.0026744
588.00	0.0014230
589.00	0.0011938
590.00	0.00055684
591.00	0.00087223
592.00	0.0016584
593.00	0.0011056
594.00	0.0011968
595.00	0.0014490
596.00	0.00097210
597.00	0.0013028
598.00	0.0011565
599.00	0.00092354
600.00	0.0017417
601.00	0.0018189
602.00	0.0012539
603.00	0.0010985
604.00	0.0014465
605.00	0.0017512
606.00	0.0023473
607.00	0.0020854
608.00	0.0013145
609.00	0.0014383
610.00	0.00066078
611.00	0.00061617
612.00	0.00062458
613.00	0.00054004
614.00	0.0011881
615.00	0.00060720
616.00	0.00058596
617.00	0.00062901
618.00	0.00073568
619.00	0.00056461
620.00	0.00075867
621.00	0.00065976
622.00	0.00055156
623.00	0.0010928
624.00	0.00067636
625.00	0.00057315
626.00	0.0010144
627.00	0.00076982
628.00	0.00073561
629.00	0.00096395
630.00	0.00064637
631.00	0.00092624
632.00	0.0011167
633.00	0.00076319
634.00	0.00086462
635.00	0.00087388
636.00	0.00078502
637.00	0.0013344
638.00	0.00076422
639.00	0.00076378
640.00	0.00080907
641.00	0.00075079
642.00	0.00086486
643.00	0.00085076
644.00	0.00035398
645.00	0.00090395
646.00	0.00056533
647.00	0.00081468
648.00	0.00087460
649.00	0.00062349
650.00	0.0010118
651.00	0.0014922
652.00	0.0013466
653.00	0.0012835
654.00	0.00098936
655.00	0.00058000
656.00	0.00035446
657.00	0.00038051
658.00	0.0012349
659.00	0.0010535
660.00	0.0014701
661.00	0.0011472
662.00	0.00063514
663.00	0.00087439
664.00	0.00088030
665.00	0.00067092
666.00	0.0015783
667.00	0.0012100
668.00	0.00078388
669.00	0.00087531
670.00	0.00089024
671.00	0.00086874
672.00	0.00080138
673.00	0.0019759
674.00	0.0011916
675.00	0.0012033
676.00	0.0012003
677.00	0.0017700
678.00	0.00079830
679.00	0.0014944
680.00	0.0011703
681.00	0.0014373
682.00	0.0016090
683.00	0.0019911
684.00	0.0019055
685.00	0.00094611
686.00	0.00059019
687.00	0.0011902
688.00	0.0011708
689.00	0.0018632
690.00	0.0020090
691.00	0.00081262
692.00	0.00062132
693.00	0.00090637
694.00	0.00095529
695.00	0.0019407
696.00	0.0017287
697.00	0.00082485
698.00	0.00058336
699.00	0.00097974
700.00	0.0012462
