Wavelength (nm)	I08 abs N
200.00	0.25730
201.00	0.24728
202.00	0.22851
203.00	0.20789
204.00	0.19082
205.00	0.17730
206.00	0.16677
207.00	0.15951
208.00	0.15484
209.00	0.15204
210.00	0.15080
211.00	0.15038
212.00	0.15035
213.00	0.15032
214.00	0.15033
215.00	0.14981
216.00	0.14872
217.00	0.14691
218.00	0.14464
219.00	0.14184
220.00	0.13834
221.00	0.13477
222.00	0.13127
223.00	0.12825
224.00	0.12609
225.00	0.12515
226.00	0.12597
227.00	0.12844
228.00	0.13299
229.00	0.13909
230.00	0.14690
231.00	0.15595
232.00	0.16578
233.00	0.17659
234.00	0.18772
235.00	0.19934
236.00	0.21115
237.00	0.22347
238.00	0.23603
239.00	0.24881
240.00	0.26209
241.00	0.27575
242.00	0.28942
243.00	0.30334
244.00	0.31721
245.00	0.33060
246.00	0.34373
247.00	0.35631
248.00	0.36827
249.00	0.37926
250.00	0.38945
251.00	0.39859
252.00	0.40643
253.00	0.41305
254.00	0.41813
255.00	0.42175
256.00	0.42419
257.00	0.42567
258.00	0.42722
259.00	0.42965
260.00	0.43396
261.00	0.44137
262.00	0.45230
263.00	0.46777
264.00	0.48785
265.00	0.51307
266.00	0.54335
267.00	0.57825
268.00	0.61730
269.00	0.66074
270.00	0.70762
271.00	0.75604
272.00	0.80526
273.00	0.85360
274.00	0.89914
275.00	0.93831
276.00	0.97012
277.00	0.99124
278.00	1.0000
279.00	0.99615
280.00	0.97810
281.00	0.94733
282.00	0.90567
283.00	0.85596
284.00	0.80186
285.00	0.74610
286.00	0.69142
287.00	0.63968
288.00	0.59247
289.00	0.55020
290.00	0.51226
291.00	0.47928
292.00	0.44995
293.00	0.42336
294.00	0.39922
295.00	0.37708
296.00	0.35645
297.00	0.33699
298.00	0.31861
299.00	0.30131
300.00	0.28500
301.00	0.26976
302.00	0.25548
303.00	0.24190
304.00	0.22936
305.00	0.21748
306.00	0.20621
307.00	0.19529
308.00	0.18513
309.00	0.17546
310.00	0.16627
311.00	0.15762
312.00	0.14955
313.00	0.14237
314.00	0.13575
315.00	0.12963
316.00	0.12388
317.00	0.11874
318.00	0.11375
319.00	0.10907
320.00	0.10478
321.00	0.10053
322.00	0.096661
323.00	0.092950
324.00	0.089869
325.00	0.086939
326.00	0.084495
327.00	0.082463
328.00	0.080925
329.00	0.079755
330.00	0.078754
331.00	0.078024
332.00	0.077483
333.00	0.077008
334.00	0.076488
335.00	0.075987
336.00	0.075479
337.00	0.074956
338.00	0.074458
339.00	0.073955
340.00	0.073642
341.00	0.073357
342.00	0.073129
343.00	0.073006
344.00	0.072745
345.00	0.072423
346.00	0.071730
347.00	0.070583
348.00	0.068955
349.00	0.066501
350.00	0.063416
351.00	0.059867
352.00	0.055918
353.00	0.051592
354.00	0.047409
355.00	0.043252
356.00	0.039511
357.00	0.036298
358.00	0.033468
359.00	0.031107
360.00	0.029145
361.00	0.027472
362.00	0.026209
363.00	0.025245
364.00	0.024656
365.00	0.024295
366.00	0.024310
367.00	0.024361
368.00	0.024558
369.00	0.024970
370.00	0.025544
371.00	0.026138
372.00	0.026875
373.00	0.027554
374.00	0.028429
375.00	0.029435
376.00	0.030385
377.00	0.031624
378.00	0.032881
379.00	0.034042
380.00	0.035322
381.00	0.037002
382.00	0.038479
383.00	0.040095
384.00	0.041792
385.00	0.043525
386.00	0.045199
387.00	0.047223
388.00	0.049105
389.00	0.051397
390.00	0.053492
391.00	0.055979
392.00	0.058382
393.00	0.060874
394.00	0.063638
395.00	0.066413
396.00	0.069323
397.00	0.072336
398.00	0.075490
399.00	0.078614
400.00	0.081860
401.00	0.085505
402.00	0.089122
403.00	0.092882
404.00	0.096780
405.00	0.10070
406.00	0.10469
407.00	0.10885
408.00	0.11340
409.00	0.11782
410.00	0.12246
411.00	0.12711
412.00	0.13225
413.00	0.13723
414.00	0.14220
415.00	0.14754
416.00	0.15285
417.00	0.15846
418.00	0.16411
419.00	0.17005
420.00	0.17613
421.00	0.18222
422.00	0.18821
423.00	0.19429
424.00	0.20051
425.00	0.20709
426.00	0.21392
427.00	0.22086
428.00	0.22731
429.00	0.23444
430.00	0.24149
431.00	0.24809
432.00	0.25513
433.00	0.26275
434.00	0.26985
435.00	0.27683
436.00	0.28420
437.00	0.29143
438.00	0.29871
439.00	0.30581
440.00	0.31306
441.00	0.32051
442.00	0.32709
443.00	0.33386
444.00	0.34062
445.00	0.34679
446.00	0.35341
447.00	0.35968
448.00	0.36559
449.00	0.37137
450.00	0.37687
451.00	0.38212
452.00	0.38690
453.00	0.39142
454.00	0.39543
455.00	0.39923
456.00	0.40247
457.00	0.40503
458.00	0.40724
459.00	0.40895
460.00	0.40974
461.00	0.41033
462.00	0.40986
463.00	0.40918
464.00	0.40746
465.00	0.40527
466.00	0.40230
467.00	0.39877
468.00	0.39440
469.00	0.38946
470.00	0.38388
471.00	0.37752
472.00	0.37065
473.00	0.36316
474.00	0.35546
475.00	0.34712
476.00	0.33866
477.00	0.32979
478.00	0.32040
479.00	0.31083
480.00	0.30096
481.00	0.29151
482.00	0.28184
483.00	0.27209
484.00	0.26285
485.00	0.25136
486.00	0.24398
487.00	0.23639
488.00	0.22705
489.00	0.21752
490.00	0.20921
491.00	0.20107
492.00	0.19315
493.00	0.18543
494.00	0.17819
495.00	0.17101
496.00	0.16411
497.00	0.15787
498.00	0.15154
499.00	0.14560
500.00	0.13999
501.00	0.13458
502.00	0.12932
503.00	0.12442
504.00	0.11968
505.00	0.11518
506.00	0.11078
507.00	0.10669
508.00	0.10277
509.00	0.099009
510.00	0.095365
511.00	0.091842
512.00	0.088473
513.00	0.085310
514.00	0.082127
515.00	0.079118
516.00	0.076243
517.00	0.073258
518.00	0.070578
519.00	0.067851
520.00	0.065387
521.00	0.062920
522.00	0.060448
523.00	0.058145
524.00	0.056086
525.00	0.053726
526.00	0.051560
527.00	0.049559
528.00	0.047614
529.00	0.045779
530.00	0.044028
531.00	0.042263
532.00	0.040633
533.00	0.039133
534.00	0.037550
535.00	0.036218
536.00	0.034871
537.00	0.033577
538.00	0.032412
539.00	0.031249
540.00	0.030275
541.00	0.029199
542.00	0.028338
543.00	0.027451
544.00	0.026623
545.00	0.025837
546.00	0.025095
547.00	0.024410
548.00	0.023778
549.00	0.023184
550.00	0.022558
551.00	0.022074
552.00	0.021569
553.00	0.021097
554.00	0.020609
555.00	0.020239
556.00	0.019751
557.00	0.019385
558.00	0.018962
559.00	0.018689
560.00	0.018300
561.00	0.017933
562.00	0.017569
563.00	0.017242
564.00	0.016953
565.00	0.016701
566.00	0.016455
567.00	0.016144
568.00	0.015861
569.00	0.015478
570.00	0.015222
571.00	0.014989
572.00	0.014717
573.00	0.014390
574.00	0.014143
575.00	0.013875
576.00	0.013505
577.00	0.013257
578.00	0.012875
579.00	0.012687
580.00	0.012396
581.00	0.012167
582.00	0.011767
583.00	0.011562
584.00	0.011355
585.00	0.011029
586.00	0.010775
587.00	0.010561
588.00	0.010234
589.00	0.010014
590.00	0.0097694
591.00	0.0095322
592.00	0.0093351
593.00	0.0090701
594.00	0.0088374
595.00	0.0085240
596.00	0.0083191
597.00	0.0081301
598.00	0.0079442
599.00	0.0076991
600.00	0.0075588
601.00	0.0073244
602.00	0.0071559
603.00	0.0069364
604.00	0.0067402
605.00	0.0065975
606.00	0.0064070
607.00	0.0062480
608.00	0.0060839
609.00	0.0058706
610.00	0.0057961
611.00	0.0056004
612.00	0.0054469
613.00	0.0053152
614.00	0.0051930
615.00	0.0050717
616.00	0.0049227
617.00	0.0048984
618.00	0.0046937
619.00	0.0045623
620.00	0.0045303
621.00	0.0043694
622.00	0.0043331
623.00	0.0042380
624.00	0.0041065
625.00	0.0040484
626.00	0.0039525
627.00	0.0039258
628.00	0.0038590
629.00	0.0037844
630.00	0.0037395
631.00	0.0036693
632.00	0.0036678
633.00	0.0037102
634.00	0.0037309
635.00	0.0036892
636.00	0.0036850
637.00	0.0035538
638.00	0.0034719
639.00	0.0033093
640.00	0.0031512
641.00	0.0030929
642.00	0.0030749
643.00	0.0030491
644.00	0.0029795
645.00	0.0030122
646.00	0.0029507
647.00	0.0029616
648.00	0.0029532
649.00	0.0028265
650.00	0.0027927
651.00	0.0028060
652.00	0.0027391
653.00	0.0027628
654.00	0.0025196
655.00	0.0025333
656.00	0.0026052
657.00	0.0026310
658.00	0.0026048
659.00	0.0026230
660.00	0.0025903
661.00	0.0025799
662.00	0.0024806
663.00	0.0024467
664.00	0.0024646
665.00	0.0024205
666.00	0.0023736
667.00	0.0023101
668.00	0.0023772
669.00	0.0023796
670.00	0.0022952
671.00	0.0023145
672.00	0.0023166
673.00	0.0023206
674.00	0.0023194
675.00	0.0023072
676.00	0.0022527
677.00	0.0022665
678.00	0.0021935
679.00	0.0022031
680.00	0.0022102
681.00	0.0021802
682.00	0.0021459
683.00	0.0021061
684.00	0.0020892
685.00	0.0021309
686.00	0.0020277
687.00	0.0021141
688.00	0.0020965
689.00	0.0020554
690.00	0.0020918
691.00	0.0020579
692.00	0.0020194
693.00	0.0020024
694.00	0.0020073
695.00	0.0019819
696.00	0.0019446
697.00	0.0019324
698.00	0.0019082
699.00	0.0019528
700.00	0.0019129
