Wavelength (nm)	I11 abs N
200.00	0.21822
201.00	0.21156
202.00	0.20242
203.00	0.18465
204.00	0.17142
205.00	0.15927
206.00	0.14772
207.00	0.13823
208.00	0.12981
209.00	0.12438
210.00	0.11989
211.00	0.11698
212.00	0.11469
213.00	0.11349
214.00	0.11304
215.00	0.11243
216.00	0.11225
217.00	0.11218
218.00	0.11203
219.00	0.11161
220.00	0.11122
221.00	0.11039
222.00	0.10932
223.00	0.10855
224.00	0.10823
225.00	0.10871
226.00	0.11039
227.00	0.11304
228.00	0.11635
229.00	0.12071
230.00	0.12563
231.00	0.13097
232.00	0.13608
233.00	0.14127
234.00	0.14632
235.00	0.15103
236.00	0.15524
237.00	0.15825
238.00	0.15915
239.00	0.15782
240.00	0.15437
241.00	0.14918
242.00	0.14325
243.00	0.13719
244.00	0.13149
245.00	0.12682
246.00	0.12323
247.00	0.12102
248.00	0.12000
249.00	0.12031
250.00	0.12178
251.00	0.12409
252.00	0.12689
253.00	0.13003
254.00	0.13366
255.00	0.13774
256.00	0.14259
257.00	0.14808
258.00	0.15479
259.00	0.16274
260.00	0.17141
261.00	0.18066
262.00	0.19054
263.00	0.20089
264.00	0.21091
265.00	0.22074
266.00	0.23030
267.00	0.23879
268.00	0.24792
269.00	0.25769
270.00	0.26901
271.00	0.28177
272.00	0.29600
273.00	0.31173
274.00	0.32898
275.00	0.34775
276.00	0.36880
277.00	0.39357
278.00	0.42352
279.00	0.45819
280.00	0.49588
281.00	0.53169
282.00	0.55729
283.00	0.56639
284.00	0.55496
285.00	0.52394
286.00	0.47947
287.00	0.42738
288.00	0.37539
289.00	0.32729
290.00	0.28478
291.00	0.24975
292.00	0.22076
293.00	0.19723
294.00	0.17798
295.00	0.16178
296.00	0.14793
297.00	0.13639
298.00	0.12681
299.00	0.11921
300.00	0.11307
301.00	0.10833
302.00	0.10451
303.00	0.10153
304.00	0.099001
305.00	0.097039
306.00	0.095386
307.00	0.094083
308.00	0.093441
309.00	0.092931
310.00	0.092764
311.00	0.092883
312.00	0.093215
313.00	0.093194
314.00	0.092288
315.00	0.090522
316.00	0.087943
317.00	0.084752
318.00	0.080061
319.00	0.075297
320.00	0.070187
321.00	0.064943
322.00	0.060143
323.00	0.055673
324.00	0.051506
325.00	0.048007
326.00	0.045232
327.00	0.042584
328.00	0.040110
329.00	0.038197
330.00	0.036296
331.00	0.034717
332.00	0.033368
333.00	0.031780
334.00	0.030225
335.00	0.028824
336.00	0.027591
337.00	0.026554
338.00	0.025437
339.00	0.024235
340.00	0.023208
341.00	0.022264
342.00	0.021520
343.00	0.020562
344.00	0.019916
345.00	0.019192
346.00	0.018275
347.00	0.017739
348.00	0.017195
349.00	0.016789
350.00	0.016408
351.00	0.015919
352.00	0.015527
353.00	0.015144
354.00	0.014694
355.00	0.014536
356.00	0.014917
357.00	0.015498
358.00	0.016198
359.00	0.016246
360.00	0.015695
361.00	0.015143
362.00	0.015525
363.00	0.015845
364.00	0.015949
365.00	0.015453
366.00	0.015023
367.00	0.014864
368.00	0.014595
369.00	0.014021
370.00	0.013706
371.00	0.013027
372.00	0.012237
373.00	0.011712
374.00	0.011206
375.00	0.010647
376.00	0.010310
377.00	0.010131
378.00	0.0094721
379.00	0.0090233
380.00	0.0092430
381.00	0.0093446
382.00	0.0084244
383.00	0.0082605
384.00	0.0083913
385.00	0.0079718
386.00	0.0080993
387.00	0.0071417
388.00	0.0075949
389.00	0.0077880
390.00	0.0083317
391.00	0.0073984
392.00	0.0069099
393.00	0.0065428
394.00	0.0073680
395.00	0.0071224
396.00	0.0073934
397.00	0.0071395
398.00	0.0067504
399.00	0.0069016
400.00	0.0076578
401.00	0.0075435
402.00	0.0072184
403.00	0.0072725
404.00	0.0074331
405.00	0.0072400
406.00	0.0073404
407.00	0.0085486
408.00	0.0079459
409.00	0.0079580
410.00	0.0084244
411.00	0.0085718
412.00	0.0085001
413.00	0.0083030
414.00	0.0090504
415.00	0.010039
416.00	0.0096139
417.00	0.0096641
418.00	0.010318
419.00	0.010625
420.00	0.010664
421.00	0.010550
422.00	0.010578
423.00	0.011375
424.00	0.012248
425.00	0.012811
426.00	0.012906
427.00	0.012911
428.00	0.012429
429.00	0.013929
430.00	0.013107
431.00	0.014478
432.00	0.015330
433.00	0.015215
434.00	0.015083
435.00	0.015635
436.00	0.015983
437.00	0.016388
438.00	0.016589
439.00	0.016990
440.00	0.017837
441.00	0.017433
442.00	0.018022
443.00	0.019020
444.00	0.018939
445.00	0.019765
446.00	0.020283
447.00	0.020621
448.00	0.021064
449.00	0.021486
450.00	0.021769
451.00	0.022666
452.00	0.023348
453.00	0.023607
454.00	0.024151
455.00	0.024391
456.00	0.025294
457.00	0.025705
458.00	0.025356
459.00	0.026467
460.00	0.027220
461.00	0.027792
462.00	0.028355
463.00	0.027979
464.00	0.027704
465.00	0.028317
466.00	0.029184
467.00	0.029914
468.00	0.029185
469.00	0.029666
470.00	0.029988
471.00	0.029473
472.00	0.029447
473.00	0.028787
474.00	0.029757
475.00	0.030013
476.00	0.029406
477.00	0.029725
478.00	0.029983
479.00	0.029847
480.00	0.029776
481.00	0.029876
482.00	0.030216
483.00	0.030267
484.00	0.029820
485.00	0.030150
486.00	0.027023
487.00	0.034423
488.00	0.034129
489.00	0.032030
490.00	0.031891
491.00	0.032947
492.00	0.032764
493.00	0.033028
494.00	0.034267
495.00	0.035003
496.00	0.035358
497.00	0.036189
498.00	0.036886
499.00	0.037413
500.00	0.038962
501.00	0.040092
502.00	0.040768
503.00	0.041750
504.00	0.043403
505.00	0.044666
506.00	0.046147
507.00	0.047636
508.00	0.049405
509.00	0.051070
510.00	0.052933
511.00	0.054237
512.00	0.056263
513.00	0.058828
514.00	0.060409
515.00	0.062708
516.00	0.065031
517.00	0.066623
518.00	0.068816
519.00	0.072094
520.00	0.074198
521.00	0.076901
522.00	0.079715
523.00	0.082792
524.00	0.085678
525.00	0.089012
526.00	0.092125
527.00	0.096159
528.00	0.099639
529.00	0.10313
530.00	0.10753
531.00	0.11171
532.00	0.11671
533.00	0.12094
534.00	0.12571
535.00	0.13121
536.00	0.13711
537.00	0.14329
538.00	0.14934
539.00	0.15544
540.00	0.16244
541.00	0.16909
542.00	0.17653
543.00	0.18363
544.00	0.19171
545.00	0.19995
546.00	0.20831
547.00	0.21725
548.00	0.22621
549.00	0.23603
550.00	0.24592
551.00	0.25616
552.00	0.26599
553.00	0.27539
554.00	0.28488
555.00	0.29495
556.00	0.30399
557.00	0.31213
558.00	0.32057
559.00	0.32824
560.00	0.33484
561.00	0.34108
562.00	0.34713
563.00	0.35277
564.00	0.35694
565.00	0.36186
566.00	0.36680
567.00	0.37114
568.00	0.37538
569.00	0.38048
570.00	0.38568
571.00	0.39203
572.00	0.39852
573.00	0.40609
574.00	0.41341
575.00	0.42246
576.00	0.43242
577.00	0.44294
578.00	0.45426
579.00	0.46879
580.00	0.48411
581.00	0.50099
582.00	0.51750
583.00	0.53758
584.00	0.55987
585.00	0.57955
586.00	0.59997
587.00	0.62124
588.00	0.63974
589.00	0.65757
590.00	0.67516
591.00	0.69098
592.00	0.70770
593.00	0.72326
594.00	0.74227
595.00	0.76269
596.00	0.78563
597.00	0.81458
598.00	0.84398
599.00	0.87693
600.00	0.90937
601.00	0.94013
602.00	0.96645
603.00	0.98803
604.00	0.99928
605.00	1.00000
606.00	0.98998
607.00	0.96773
608.00	0.93352
609.00	0.88743
610.00	0.83111
611.00	0.77130
612.00	0.70508
613.00	0.63735
614.00	0.57312
615.00	0.51211
616.00	0.45584
617.00	0.40409
618.00	0.35870
619.00	0.31722
620.00	0.28105
621.00	0.25210
622.00	0.22159
623.00	0.19778
624.00	0.17615
625.00	0.15637
626.00	0.13817
627.00	0.12141
628.00	0.10706
629.00	0.093444
630.00	0.081771
631.00	0.071631
632.00	0.061908
633.00	0.053876
634.00	0.047248
635.00	0.041209
636.00	0.035807
637.00	0.031591
638.00	0.027810
639.00	0.024594
640.00	0.022381
641.00	0.020250
642.00	0.018480
643.00	0.016415
644.00	0.014932
645.00	0.013872
646.00	0.012714
647.00	0.011464
648.00	0.010686
649.00	0.0093335
650.00	0.0091988
651.00	0.0085933
652.00	0.0077064
653.00	0.0071688
654.00	0.0073294
655.00	0.0025141
656.00	0.0012535
657.00	0.010813
658.00	0.0078145
659.00	0.0057729
660.00	0.0056973
661.00	0.0053181
662.00	0.0049753
663.00	0.0049190
664.00	0.0049052
665.00	0.0048202
666.00	0.0046535
667.00	0.0043996
668.00	0.0041468
669.00	0.0042500
670.00	0.0038449
671.00	0.0038979
672.00	0.0036771
673.00	0.0038250
674.00	0.0037069
675.00	0.0035590
676.00	0.0035143
677.00	0.0036092
678.00	0.0035866
679.00	0.0034740
680.00	0.0031406
681.00	0.0032477
682.00	0.0031743
683.00	0.0029905
684.00	0.0030953
685.00	0.0028558
686.00	0.0029568
687.00	0.0029143
688.00	0.0029347
689.00	0.0027730
690.00	0.0027680
691.00	0.0026648
692.00	0.0028277
693.00	0.0025351
694.00	0.0027824
695.00	0.0025506
696.00	0.0026223
697.00	0.0024722
698.00	0.0025026
699.00	0.0025622
700.00	0.0024192
