Wavelength (nm)	I13 abs N
200.00	0.23311
201.00	0.23619
202.00	0.21267
203.00	0.19087
204.00	0.17098
205.00	0.15471
206.00	0.13958
207.00	0.12934
208.00	0.12041
209.00	0.11326
210.00	0.10782
211.00	0.10353
212.00	0.098922
213.00	0.096543
214.00	0.094301
215.00	0.092901
216.00	0.092203
217.00	0.091804
218.00	0.091553
219.00	0.091640
220.00	0.092046
221.00	0.092862
222.00	0.093841
223.00	0.095587
224.00	0.097498
225.00	0.099448
226.00	0.10123
227.00	0.10281
228.00	0.10437
229.00	0.10596
230.00	0.10739
231.00	0.10936
232.00	0.11196
233.00	0.11557
234.00	0.12059
235.00	0.12635
236.00	0.13284
237.00	0.14015
238.00	0.14822
239.00	0.15647
240.00	0.16489
241.00	0.17315
242.00	0.18124
243.00	0.18895
244.00	0.19506
245.00	0.19856
246.00	0.19806
247.00	0.19324
248.00	0.18493
249.00	0.17439
250.00	0.16314
251.00	0.15233
252.00	0.14292
253.00	0.13485
254.00	0.12828
255.00	0.12309
256.00	0.11893
257.00	0.11583
258.00	0.11385
259.00	0.11260
260.00	0.11279
261.00	0.11474
262.00	0.11769
263.00	0.12215
264.00	0.12758
265.00	0.13416
266.00	0.14145
267.00	0.14953
268.00	0.15766
269.00	0.16636
270.00	0.17561
271.00	0.18513
272.00	0.19576
273.00	0.20733
274.00	0.22007
275.00	0.23427
276.00	0.24975
277.00	0.26609
278.00	0.28310
279.00	0.30072
280.00	0.31921
281.00	0.33753
282.00	0.35614
283.00	0.37516
284.00	0.39471
285.00	0.41520
286.00	0.43589
287.00	0.45664
288.00	0.47605
289.00	0.49209
290.00	0.50348
291.00	0.50805
292.00	0.50571
293.00	0.49513
294.00	0.47827
295.00	0.45499
296.00	0.42731
297.00	0.39577
298.00	0.36306
299.00	0.33110
300.00	0.29991
301.00	0.27104
302.00	0.24436
303.00	0.21904
304.00	0.19651
305.00	0.17705
306.00	0.15979
307.00	0.14557
308.00	0.13454
309.00	0.12560
310.00	0.11864
311.00	0.11351
312.00	0.10983
313.00	0.10691
314.00	0.10425
315.00	0.10228
316.00	0.10035
317.00	0.098990
318.00	0.097954
319.00	0.097334
320.00	0.096764
321.00	0.096398
322.00	0.096855
323.00	0.096666
324.00	0.096321
325.00	0.095631
326.00	0.094373
327.00	0.091734
328.00	0.088503
329.00	0.084483
330.00	0.079657
331.00	0.074083
332.00	0.068684
333.00	0.063104
334.00	0.057418
335.00	0.052344
336.00	0.047674
337.00	0.043311
338.00	0.039534
339.00	0.036145
340.00	0.033154
341.00	0.030614
342.00	0.027997
343.00	0.026237
344.00	0.024713
345.00	0.022748
346.00	0.021224
347.00	0.020152
348.00	0.018657
349.00	0.017736
350.00	0.016996
351.00	0.015899
352.00	0.014923
353.00	0.014775
354.00	0.013888
355.00	0.013460
356.00	0.012786
357.00	0.012246
358.00	0.011775
359.00	0.011527
360.00	0.011733
361.00	0.011628
362.00	0.011241
363.00	0.011210
364.00	0.011189
365.00	0.011266
366.00	0.011640
367.00	0.010981
368.00	0.011154
369.00	0.011056
370.00	0.011195
371.00	0.010706
372.00	0.011081
373.00	0.011916
374.00	0.011204
375.00	0.011222
376.00	0.011320
377.00	0.011599
378.00	0.011172
379.00	0.011549
380.00	0.011866
381.00	0.011955
382.00	0.012568
383.00	0.012208
384.00	0.012870
385.00	0.013121
386.00	0.013119
387.00	0.013218
388.00	0.013340
389.00	0.012713
390.00	0.013298
391.00	0.012396
392.00	0.012150
393.00	0.011702
394.00	0.010648
395.00	0.010067
396.00	0.0090475
397.00	0.0084265
398.00	0.0079703
399.00	0.0076931
400.00	0.0064035
401.00	0.0056748
402.00	0.0055362
403.00	0.0052144
404.00	0.0047278
405.00	0.0042156
406.00	0.0037499
407.00	0.0037172
408.00	0.0034542
409.00	0.0037267
410.00	0.0034834
411.00	0.0033876
412.00	0.0033775
413.00	0.0035952
414.00	0.0032234
415.00	0.0033638
416.00	0.0037160
417.00	0.0037392
418.00	0.0034102
419.00	0.0040360
420.00	0.0043245
421.00	0.0043245
422.00	0.0043846
423.00	0.0046707
424.00	0.0048830
425.00	0.0052072
426.00	0.0053988
427.00	0.0051822
428.00	0.0053494
429.00	0.0057117
430.00	0.0063808
431.00	0.0064296
432.00	0.0065147
433.00	0.0071006
434.00	0.0075664
435.00	0.0075872
436.00	0.0081160
437.00	0.0086067
438.00	0.0088851
439.00	0.0092813
440.00	0.0095198
441.00	0.010106
442.00	0.010341
443.00	0.010885
444.00	0.011426
445.00	0.011708
446.00	0.012031
447.00	0.012883
448.00	0.013067
449.00	0.013571
450.00	0.013878
451.00	0.014360
452.00	0.014822
453.00	0.015372
454.00	0.015280
455.00	0.015993
456.00	0.016343
457.00	0.017000
458.00	0.017703
459.00	0.017862
460.00	0.017691
461.00	0.018922
462.00	0.018997
463.00	0.019032
464.00	0.019656
465.00	0.020275
466.00	0.020747
467.00	0.021128
468.00	0.021800
469.00	0.021808
470.00	0.022264
471.00	0.022574
472.00	0.023246
473.00	0.023572
474.00	0.024543
475.00	0.024973
476.00	0.024948
477.00	0.025843
478.00	0.026500
479.00	0.026733
480.00	0.026907
481.00	0.027345
482.00	0.027725
483.00	0.027760
484.00	0.028261
485.00	0.028386
486.00	0.029069
487.00	0.029120
488.00	0.028815
489.00	0.028931
490.00	0.029028
491.00	0.029025
492.00	0.029132
493.00	0.029207
494.00	0.028669
495.00	0.028211
496.00	0.028560
497.00	0.028442
498.00	0.027894
499.00	0.027476
500.00	0.027814
501.00	0.027463
502.00	0.026319
503.00	0.026403
504.00	0.026558
505.00	0.025876
506.00	0.026300
507.00	0.026575
508.00	0.026260
509.00	0.026674
510.00	0.026269
511.00	0.026627
512.00	0.026663
513.00	0.027043
514.00	0.027125
515.00	0.027146
516.00	0.027279
517.00	0.028300
518.00	0.027626
519.00	0.029040
520.00	0.029756
521.00	0.029517
522.00	0.030008
523.00	0.031296
524.00	0.031879
525.00	0.032810
526.00	0.033578
527.00	0.033948
528.00	0.035391
529.00	0.036078
530.00	0.037674
531.00	0.038457
532.00	0.039570
533.00	0.041165
534.00	0.042643
535.00	0.044106
536.00	0.045550
537.00	0.047118
538.00	0.049043
539.00	0.050771
540.00	0.053079
541.00	0.055295
542.00	0.057387
543.00	0.059585
544.00	0.061689
545.00	0.063983
546.00	0.065807
547.00	0.068997
548.00	0.071952
549.00	0.074533
550.00	0.076879
551.00	0.080098
552.00	0.083021
553.00	0.086501
554.00	0.089627
555.00	0.093037
556.00	0.096068
557.00	0.099916
558.00	0.10349
559.00	0.10706
560.00	0.11059
561.00	0.11447
562.00	0.11878
563.00	0.12256
564.00	0.12702
565.00	0.13173
566.00	0.13617
567.00	0.14131
568.00	0.14613
569.00	0.15141
570.00	0.15645
571.00	0.16207
572.00	0.16737
573.00	0.17343
574.00	0.18016
575.00	0.18628
576.00	0.19284
577.00	0.20050
578.00	0.20751
579.00	0.21436
580.00	0.22281
581.00	0.23099
582.00	0.23839
583.00	0.24589
584.00	0.25608
585.00	0.26512
586.00	0.27303
587.00	0.28369
588.00	0.29304
589.00	0.30220
590.00	0.31319
591.00	0.32355
592.00	0.33469
593.00	0.34494
594.00	0.35488
595.00	0.36520
596.00	0.37434
597.00	0.38513
598.00	0.39442
599.00	0.40396
600.00	0.41213
601.00	0.42025
602.00	0.42820
603.00	0.43585
604.00	0.44255
605.00	0.44936
606.00	0.45579
607.00	0.46222
608.00	0.46788
609.00	0.47376
610.00	0.47976
611.00	0.48533
612.00	0.49117
613.00	0.49689
614.00	0.50266
615.00	0.50892
616.00	0.51496
617.00	0.52169
618.00	0.52944
619.00	0.53729
620.00	0.54594
621.00	0.55472
622.00	0.56507
623.00	0.57535
624.00	0.58570
625.00	0.59773
626.00	0.61032
627.00	0.62355
628.00	0.63665
629.00	0.65158
630.00	0.66588
631.00	0.68029
632.00	0.69536
633.00	0.71052
634.00	0.72333
635.00	0.73787
636.00	0.75394
637.00	0.77010
638.00	0.78720
639.00	0.80266
640.00	0.81926
641.00	0.83430
642.00	0.84848
643.00	0.86673
644.00	0.88156
645.00	0.89557
646.00	0.91355
647.00	0.92945
648.00	0.94147
649.00	0.95580
650.00	0.97067
651.00	0.98398
652.00	0.99297
653.00	1.0000
654.00	0.99900
655.00	0.99769
656.00	0.99678
657.00	0.99148
658.00	0.97040
659.00	0.94352
660.00	0.91450
661.00	0.88073
662.00	0.84322
663.00	0.80574
664.00	0.76226
665.00	0.71504
666.00	0.66754
667.00	0.62219
668.00	0.57524
669.00	0.52990
670.00	0.48660
671.00	0.44606
672.00	0.40688
673.00	0.37215
674.00	0.33900
675.00	0.30798
676.00	0.27960
677.00	0.25414
678.00	0.23049
679.00	0.20920
680.00	0.18966
681.00	0.17166
682.00	0.15522
683.00	0.14017
684.00	0.12563
685.00	0.11296
686.00	0.10170
687.00	0.091441
688.00	0.081822
689.00	0.072554
690.00	0.064945
691.00	0.057814
692.00	0.051136
693.00	0.045564
694.00	0.040448
695.00	0.036005
696.00	0.031906
697.00	0.028395
698.00	0.025100
699.00	0.022485
700.00	0.019893
701.00	0.017971
702.00	0.016134
703.00	0.014517
704.00	0.012909
705.00	0.011569
706.00	0.010485
707.00	0.0093420
708.00	0.0089000
709.00	0.0081511
710.00	0.0071381
711.00	0.0070364
712.00	0.0060680
713.00	0.0056141
714.00	0.0054583
715.00	0.0048010
716.00	0.0042555
717.00	0.0044482
718.00	0.0042775
719.00	0.0039896
720.00	0.0035518
721.00	0.0034025
722.00	0.0032627
723.00	0.0027577
724.00	0.0030807
725.00	0.0028368
726.00	0.0026839
727.00	0.0022533
728.00	0.0025548
729.00	0.0026048
730.00	0.0023823
731.00	0.0024269
732.00	0.0020403
733.00	0.0019255
734.00	0.0020445
735.00	0.0020599
736.00	0.0020974
737.00	0.0022533
738.00	0.0022604
739.00	0.0019695
740.00	0.0020903
741.00	0.0019148
742.00	0.0017714
743.00	0.0019106
744.00	0.0018636
745.00	0.0017066
746.00	0.0018535
747.00	0.0019261
748.00	0.0016370
749.00	0.0018250
750.00	0.0016965
751.00	0.0016703
752.00	0.0016180
753.00	0.0016388
754.00	0.0016715
755.00	0.0018964
756.00	0.0016584
757.00	0.0017233
758.00	0.0015359
759.00	0.0015157
760.00	0.0016281
761.00	0.0018666
762.00	0.0011837
763.00	0.0021539
764.00	0.0017970
765.00	0.0018696
766.00	0.0018482
767.00	0.0014954
768.00	0.0015781
769.00	0.0017435
770.00	0.0014687
771.00	0.0014913
772.00	0.0016626
773.00	0.0015507
774.00	0.0016590
775.00	0.0013848
776.00	0.0016650
777.00	0.0014056
778.00	0.0013122
779.00	0.0014740
780.00	0.0015615
781.00	0.0015264
782.00	0.0013164
783.00	0.0012509
784.00	0.0013788
785.00	0.0013533
786.00	0.0015287
787.00	0.0015400
788.00	0.0013598
789.00	0.0014627
790.00	0.0013503
791.00	0.0017619
792.00	0.0013955
793.00	0.0011332
794.00	0.0014550
795.00	0.0013890
796.00	0.0013711
797.00	0.0017583
798.00	0.0011998
799.00	0.0011611
800.00	0.0014764
