Wavelength (nm)	I18 abs N
220.00	0.35504
220.25	0.35473
220.50	0.35857
220.75	0.35470
221.00	0.35459
221.25	0.35079
221.50	0.35022
221.75	0.35267
222.00	0.35175
222.25	0.35023
222.50	0.35311
222.75	0.35230
223.00	0.35210
223.25	0.35081
223.50	0.35458
223.75	0.35331
224.00	0.35278
224.25	0.35417
224.50	0.35467
224.75	0.35653
225.00	0.35661
225.25	0.35770
225.50	0.35939
225.75	0.35607
226.00	0.35927
226.25	0.35951
226.50	0.36056
226.75	0.35895
227.00	0.35910
227.25	0.36160
227.50	0.36134
227.75	0.35747
228.00	0.35763
228.25	0.35935
228.50	0.35927
228.75	0.35581
229.00	0.35466
229.25	0.35233
229.50	0.35095
229.75	0.35082
230.00	0.34797
230.25	0.34822
230.50	0.34335
230.75	0.34261
231.00	0.33854
231.25	0.33823
231.50	0.33582
231.75	0.33204
232.00	0.33155
232.25	0.33086
232.50	0.32639
232.75	0.32456
233.00	0.32062
233.25	0.31962
233.50	0.31765
233.75	0.31584
234.00	0.31488
234.25	0.31430
234.50	0.31119
234.75	0.30838
235.00	0.30710
235.25	0.30442
235.50	0.30346
235.75	0.30087
236.00	0.30090
236.25	0.29934
236.50	0.29673
236.75	0.29364
237.00	0.29391
237.25	0.29159
237.50	0.28944
237.75	0.28712
238.00	0.28590
238.25	0.28611
238.50	0.28177
238.75	0.28124
239.00	0.27996
239.25	0.27677
239.50	0.27629
239.75	0.27307
240.00	0.27357
240.25	0.26913
240.50	0.26786
240.75	0.26597
241.00	0.26397
241.25	0.26186
241.50	0.26095
241.75	0.25717
242.00	0.25499
242.25	0.25255
242.50	0.25099
242.75	0.24945
243.00	0.24867
243.25	0.24770
243.50	0.24625
243.75	0.24418
244.00	0.24337
244.25	0.24238
244.50	0.24075
244.75	0.24167
245.00	0.24052
245.25	0.24200
245.50	0.24027
245.75	0.24101
246.00	0.24144
246.25	0.24201
246.50	0.24187
246.75	0.24239
247.00	0.24286
247.25	0.24423
247.50	0.24330
247.75	0.24494
248.00	0.24454
248.25	0.24456
248.50	0.24445
248.75	0.24528
249.00	0.24332
249.25	0.24517
249.50	0.24671
249.75	0.24683
250.00	0.24698
250.25	0.24446
250.50	0.24495
250.75	0.24596
251.00	0.24575
251.25	0.24731
251.50	0.24753
251.75	0.24898
252.00	0.24954
252.25	0.24956
252.50	0.25152
252.75	0.25149
253.00	0.25332
253.25	0.25718
253.50	0.26013
253.75	0.26113
254.00	0.26415
254.25	0.26647
254.50	0.26761
254.75	0.27120
255.00	0.27245
255.25	0.27679
255.50	0.27725
255.75	0.28187
256.00	0.28539
256.25	0.29001
256.50	0.29179
256.75	0.29578
257.00	0.30061
257.25	0.30382
257.50	0.30735
257.75	0.31138
258.00	0.31617
258.25	0.31941
258.50	0.32516
258.75	0.32978
259.00	0.33495
259.25	0.34137
259.50	0.34508
259.75	0.35218
260.00	0.35570
260.25	0.36201
260.50	0.36751
260.75	0.37294
261.00	0.37891
261.25	0.38547
261.50	0.39070
261.75	0.39513
262.00	0.39972
262.25	0.40515
262.50	0.41081
262.75	0.41715
263.00	0.42020
263.25	0.42591
263.50	0.43037
263.75	0.43560
264.00	0.43778
264.25	0.44126
264.50	0.44512
264.75	0.45034
265.00	0.45402
265.25	0.45796
265.50	0.45865
265.75	0.46342
266.00	0.46670
266.25	0.46989
266.50	0.47277
266.75	0.47675
267.00	0.48007
267.25	0.48416
267.50	0.48540
267.75	0.48961
268.00	0.49083
268.25	0.49616
268.50	0.49886
268.75	0.50189
269.00	0.50425
269.25	0.50621
269.50	0.50823
269.75	0.50848
270.00	0.51022
270.25	0.51011
270.50	0.51054
270.75	0.51092
271.00	0.50828
271.25	0.50646
271.50	0.50294
271.75	0.49964
272.00	0.49438
272.25	0.49060
272.50	0.48474
272.75	0.47925
273.00	0.46860
273.25	0.46221
273.50	0.45351
273.75	0.44413
274.00	0.43441
274.25	0.42279
274.50	0.41106
274.75	0.39783
275.00	0.38194
275.25	0.36679
275.50	0.35288
275.75	0.33718
276.00	0.32506
276.25	0.31269
276.50	0.29814
276.75	0.28740
277.00	0.27484
277.25	0.26353
277.50	0.25480
277.75	0.24302
278.00	0.23384
278.25	0.22510
278.50	0.21713
278.75	0.20614
279.00	0.19883
279.25	0.19328
279.50	0.18317
279.75	0.17918
280.00	0.17211
280.25	0.16701
280.50	0.15964
280.75	0.15635
281.00	0.14929
281.25	0.14538
281.50	0.14153
281.75	0.13743
282.00	0.13285
282.25	0.12995
282.50	0.12752
282.75	0.12340
283.00	0.11832
283.25	0.11708
283.50	0.11529
283.75	0.11307
284.00	0.11073
284.25	0.10833
284.50	0.10468
284.75	0.10365
285.00	0.10222
285.25	0.10069
285.50	0.098620
285.75	0.098999
286.00	0.097185
286.25	0.095453
286.50	0.094542
286.75	0.090585
287.00	0.090899
287.25	0.089650
287.50	0.089296
287.75	0.087636
288.00	0.086773
288.25	0.086596
288.50	0.085943
288.75	0.083042
289.00	0.082728
289.25	0.084573
289.50	0.081511
289.75	0.082719
290.00	0.082840
290.25	0.083130
290.50	0.081253
290.75	0.081180
291.00	0.077852
291.25	0.078650
291.50	0.079174
291.75	0.078392
292.00	0.078150
292.25	0.078714
292.50	0.077828
292.75	0.078126
293.00	0.077538
293.25	0.078650
293.50	0.076498
293.75	0.077642
294.00	0.078529
294.25	0.076780
294.50	0.078553
294.75	0.079560
295.00	0.075837
295.25	0.078561
295.50	0.076554
295.75	0.078883
296.00	0.078440
296.25	0.082051
296.50	0.080020
296.75	0.081124
297.00	0.080826
297.25	0.080124
297.50	0.082518
297.75	0.079939
298.00	0.084331
298.25	0.083364
298.50	0.084541
298.75	0.084903
299.00	0.085492
299.25	0.087023
299.50	0.087136
299.75	0.087837
300.00	0.089449
300.25	0.091617
300.50	0.092406
300.75	0.093438
301.00	0.094059
301.25	0.093849
301.50	0.094881
301.75	0.096533
302.00	0.097717
302.25	0.098701
302.50	0.10026
302.75	0.10238
303.00	0.10181
303.25	0.10255
303.50	0.10163
303.75	0.10454
304.00	0.10330
304.25	0.10650
304.50	0.10779
304.75	0.10984
305.00	0.10927
305.25	0.11047
305.50	0.11134
305.75	0.11210
306.00	0.11289
306.25	0.11406
306.50	0.11568
306.75	0.11746
307.00	0.11749
307.25	0.11876
307.50	0.11780
307.75	0.11996
308.00	0.12241
308.25	0.12161
308.50	0.12332
308.75	0.12397
309.00	0.12566
309.25	0.12665
309.50	0.12733
309.75	0.12935
310.00	0.12562
310.25	0.13248
310.50	0.12791
310.75	0.12500
311.00	0.14275
311.25	0.13608
311.50	0.13638
311.75	0.13591
312.00	0.13783
312.25	0.12832
312.50	0.13766
312.75	0.14118
313.00	0.13984
313.25	0.14182
313.50	0.14330
313.75	0.14610
314.00	0.14512
314.25	0.14880
314.50	0.14961
314.75	0.14311
315.00	0.14722
315.25	0.15549
315.50	0.14938
315.75	0.15324
316.00	0.14643
316.25	0.14867
316.50	0.15055
316.75	0.15764
317.00	0.15432
317.25	0.15399
317.50	0.15593
317.75	0.15228
318.00	0.15133
318.25	0.14967
318.50	0.15106
318.75	0.15070
319.00	0.15519
319.25	0.15611
319.50	0.15440
319.75	0.15442
320.00	0.15554
320.25	0.14394
320.50	0.14819
320.75	0.15233
321.00	0.14935
321.25	0.14941
321.50	0.14710
321.75	0.15019
322.00	0.14700
322.25	0.14596
322.50	0.14514
322.75	0.14079
323.00	0.14110
323.25	0.14211
323.50	0.14287
323.75	0.13979
324.00	0.13924
324.25	0.13688
324.50	0.13636
324.75	0.13053
325.00	0.13101
325.25	0.13266
325.50	0.12667
325.75	0.12587
326.00	0.12309
326.25	0.11793
326.50	0.12359
326.75	0.11807
327.00	0.11973
327.25	0.11649
327.50	0.12082
327.75	0.11002
328.00	0.11318
328.25	0.11418
328.50	0.10782
328.75	0.10739
329.00	0.10707
329.25	0.10801
329.50	0.10319
329.75	0.099241
330.00	0.10093
330.25	0.10174
330.50	0.097588
330.75	0.095082
331.00	0.095275
331.25	0.093849
331.50	0.085959
331.75	0.088595
332.00	0.092213
332.25	0.094171
332.50	0.087047
332.75	0.085895
333.00	0.084944
333.25	0.081922
333.50	0.078819
333.75	0.081132
334.00	0.077425
334.25	0.077409
334.50	0.076667
334.75	0.075958
335.00	0.076224
335.25	0.070800
335.50	0.073435
335.75	0.072742
336.00	0.069817
336.25	0.070881
336.50	0.069817
336.75	0.067020
337.00	0.069221
337.25	0.068632
337.50	0.064466
337.75	0.067004
338.00	0.064514
338.25	0.064756
338.50	0.062749
338.75	0.063595
339.00	0.059614
339.25	0.064571
339.50	0.062104
339.75	0.056882
340.00	0.061484
340.25	0.057994
340.50	0.056399
340.75	0.059735
341.00	0.057398
341.25	0.054126
341.50	0.055512
341.75	0.056447
342.00	0.050056
342.25	0.053554
342.50	0.048896
342.75	0.050532
343.00	0.051491
343.25	0.055585
343.50	0.048823
343.75	0.049468
344.00	0.052990
344.25	0.051217
344.50	0.047808
344.75	0.047590
345.00	0.049911
345.25	0.046325
345.50	0.044705
345.75	0.046397
346.00	0.043077
346.25	0.047244
346.50	0.048710
346.75	0.043150
347.00	0.044060
347.25	0.045833
347.50	0.045454
347.75	0.045100
348.00	0.042948
348.25	0.046647
348.50	0.042150
348.75	0.043295
349.00	0.041876
349.25	0.042448
349.50	0.046309
349.75	0.043810
350.00	0.047227
350.25	0.043681
350.50	0.042037
350.75	0.042037
351.00	0.043867
351.25	0.045591
351.50	0.045753
351.75	0.042827
352.00	0.045132
352.25	0.041369
352.50	0.043504
352.75	0.042432
353.00	0.041159
353.25	0.040514
353.50	0.040127
353.75	0.043416
354.00	0.039724
354.25	0.041812
354.50	0.040418
354.75	0.042819
355.00	0.037081
355.25	0.040289
355.50	0.044802
355.75	0.039459
356.00	0.039257
356.25	0.044447
356.50	0.041868
356.75	0.041570
357.00	0.038645
357.25	0.041957
357.50	0.039700
357.75	0.039716
358.00	0.036058
358.25	0.037283
358.50	0.038217
358.75	0.037073
359.00	0.038637
359.25	0.038387
359.50	0.036106
359.75	0.038911
360.00	0.038016
360.25	0.038153
360.50	0.038145
360.75	0.036130
361.00	0.037275
361.25	0.033535
361.50	0.034059
361.75	0.034575
362.00	0.035751
362.25	0.034277
362.50	0.037170
362.75	0.034510
363.00	0.035993
363.25	0.035381
363.50	0.033543
363.75	0.030851
364.00	0.032568
364.25	0.029820
364.50	0.031383
364.75	0.030191
365.00	0.029925
365.25	0.029796
365.50	0.031851
365.75	0.029409
366.00	0.030360
366.25	0.027982
366.50	0.029868
366.75	0.030078
367.00	0.027982
367.25	0.026790
367.50	0.030610
367.75	0.026983
368.00	0.029417
368.25	0.029417
368.50	0.027185
368.75	0.028023
369.00	0.028974
369.25	0.024710
369.50	0.028756
369.75	0.027555
370.00	0.025734
370.25	0.029884
370.50	0.026338
370.75	0.025097
371.00	0.027684
371.25	0.022744
371.50	0.028023
371.75	0.024001
372.00	0.024074
372.25	0.024936
372.50	0.024340
372.75	0.025629
373.00	0.025371
373.25	0.027394
373.50	0.025194
373.75	0.024727
374.00	0.025686
374.25	0.024308
374.50	0.022454
374.75	0.024614
375.00	0.024219
375.25	0.024299
375.50	0.025081
375.75	0.025420
376.00	0.025154
376.25	0.025702
376.50	0.024767
376.75	0.024324
377.00	0.023727
377.25	0.023784
377.50	0.023695
377.75	0.024767
378.00	0.026935
378.25	0.022156
378.50	0.024114
378.75	0.024533
379.00	0.023647
379.25	0.021777
379.50	0.023099
379.75	0.024598
380.00	0.024042
380.25	0.020399
380.50	0.022591
380.75	0.025387
381.00	0.023357
381.25	0.021326
381.50	0.024251
381.75	0.021197
382.00	0.021809
382.25	0.022212
382.50	0.020794
382.75	0.021205
383.00	0.020060
383.25	0.022954
383.50	0.021326
383.75	0.019859
384.00	0.022744
384.25	0.022518
384.50	0.020286
384.75	0.023840
385.00	0.021229
385.25	0.020963
385.50	0.021987
385.75	0.020036
386.00	0.023002
386.25	0.021285
386.50	0.024622
386.75	0.022696
387.00	0.021793
387.25	0.022518
387.50	0.021310
387.75	0.026089
388.00	0.023574
388.25	0.023220
388.50	0.024283
388.75	0.022841
389.00	0.024582
389.25	0.023461
389.50	0.025283
389.75	0.023502
390.00	0.026782
390.25	0.022333
390.50	0.022430
390.75	0.024791
391.00	0.024888
391.25	0.026532
391.50	0.024485
391.75	0.023260
392.00	0.025678
392.25	0.027056
392.50	0.023518
392.75	0.027249
393.00	0.024775
393.25	0.026177
393.50	0.027386
393.75	0.024791
394.00	0.026379
394.25	0.026548
394.50	0.027467
394.75	0.027773
395.00	0.027604
395.25	0.027628
395.50	0.028724
395.75	0.028466
396.00	0.029151
396.25	0.027031
396.50	0.027507
396.75	0.027491
397.00	0.029409
397.25	0.030706
397.50	0.028877
397.75	0.029304
398.00	0.031174
398.25	0.030569
398.50	0.033019
398.75	0.031609
399.00	0.032810
399.25	0.031988
399.50	0.031794
399.75	0.032504
400.00	0.033044
400.25	0.033019
400.50	0.033463
400.75	0.032447
401.00	0.031190
401.25	0.033446
401.50	0.031956
401.75	0.032761
402.00	0.033495
402.25	0.035461
402.50	0.035542
402.75	0.034631
403.00	0.035082
403.25	0.036001
403.50	0.034301
403.75	0.032818
404.00	0.035042
404.25	0.035759
404.50	0.036243
404.75	0.035066
405.00	0.036823
405.25	0.035228
405.50	0.037234
405.75	0.037291
406.00	0.038765
406.25	0.037009
406.50	0.038153
406.75	0.037073
407.00	0.039990
407.25	0.037589
407.50	0.039459
407.75	0.038209
408.00	0.037831
408.25	0.040587
408.50	0.040555
408.75	0.041643
409.00	0.037557
409.25	0.041135
409.50	0.041852
409.75	0.040442
410.00	0.043577
410.25	0.041812
410.50	0.040337
410.75	0.045172
411.00	0.044544
411.25	0.043907
411.50	0.044777
411.75	0.044487
412.00	0.044229
412.25	0.044463
412.50	0.047227
412.75	0.044882
413.00	0.045664
413.25	0.044383
413.50	0.045841
413.75	0.046196
414.00	0.046341
414.25	0.046784
414.50	0.046607
414.75	0.048799
415.00	0.045938
415.25	0.047977
415.50	0.044850
415.75	0.046373
416.00	0.046784
416.25	0.048871
416.50	0.048404
416.75	0.049718
417.00	0.048469
417.25	0.047904
417.50	0.050137
417.75	0.049629
418.00	0.049847
418.25	0.051160
418.50	0.049194
418.75	0.049855
419.00	0.048581
419.25	0.050894
419.50	0.050709
419.75	0.050282
420.00	0.049428
420.25	0.051418
420.50	0.050644
420.75	0.050129
421.00	0.053328
421.25	0.050620
421.50	0.051652
421.75	0.053070
422.00	0.053054
422.25	0.052853
422.50	0.052506
422.75	0.052264
423.00	0.050975
423.25	0.054303
423.50	0.053570
423.75	0.055528
424.00	0.055947
424.25	0.055004
424.50	0.056084
424.75	0.053836
425.00	0.054384
425.25	0.055278
425.50	0.054835
425.75	0.053731
426.00	0.055343
426.25	0.056826
426.50	0.055673
426.75	0.057744
427.00	0.055206
427.25	0.055947
427.50	0.055061
427.75	0.057954
428.00	0.060090
428.25	0.058002
428.50	0.057511
428.75	0.058881
429.00	0.059380
429.25	0.058526
429.50	0.059485
429.75	0.062000
430.00	0.061564
430.25	0.062403
430.50	0.060751
430.75	0.061436
431.00	0.062677
431.25	0.062387
431.50	0.060090
431.75	0.062137
432.00	0.063112
432.25	0.063507
432.50	0.064587
432.75	0.065119
433.00	0.063321
433.25	0.065949
433.50	0.065296
433.75	0.064917
434.00	0.066585
434.25	0.066335
434.50	0.068237
434.75	0.066432
435.00	0.067045
435.25	0.069470
435.50	0.068560
435.75	0.069672
436.00	0.071163
436.25	0.070163
436.50	0.069688
436.75	0.072186
437.00	0.071783
437.25	0.073000
437.50	0.073226
437.75	0.073041
438.00	0.075104
438.25	0.075071
438.50	0.075112
438.75	0.073492
439.00	0.075402
439.25	0.076949
439.50	0.077296
439.75	0.077070
440.00	0.078223
440.25	0.077691
440.50	0.078577
440.75	0.078682
441.00	0.079222
441.25	0.077803
441.50	0.082212
441.75	0.078996
442.00	0.080060
442.25	0.081325
442.50	0.082526
442.75	0.081527
443.00	0.083074
443.25	0.082558
443.50	0.084138
443.75	0.083743
444.00	0.086596
444.25	0.086564
444.50	0.084049
444.75	0.087547
445.00	0.084638
445.25	0.088369
445.50	0.088417
445.75	0.087289
446.00	0.087539
446.25	0.088917
446.50	0.090714
446.75	0.091399
447.00	0.089771
447.25	0.091254
447.50	0.092358
447.75	0.093672
448.00	0.092294
448.25	0.092672
448.50	0.094413
448.75	0.095324
449.00	0.093333
449.25	0.095558
449.50	0.094792
449.75	0.095243
450.00	0.096388
450.25	0.097298
450.50	0.096928
450.75	0.098749
451.00	0.095074
451.25	0.099893
451.50	0.099539
451.75	0.098942
452.00	0.10113
452.25	0.10105
452.50	0.10142
452.75	0.10166
453.00	0.10307
453.25	0.10085
453.50	0.10432
453.75	0.10383
454.00	0.10368
454.25	0.10483
454.50	0.10557
454.75	0.10365
455.00	0.10382
455.25	0.10715
455.50	0.10686
455.75	0.10667
456.00	0.10821
456.25	0.10801
456.50	0.10707
456.75	0.10919
457.00	0.10966
457.25	0.11041
457.50	0.11061
457.75	0.10970
458.00	0.11084
458.25	0.10960
458.50	0.11355
458.75	0.11222
459.00	0.11301
459.25	0.11415
459.50	0.11424
459.75	0.11656
460.00	0.11479
460.25	0.11742
460.50	0.11581
460.75	0.11618
461.00	0.11723
461.25	0.11800
461.50	0.11890
461.75	0.12007
462.00	0.11990
462.25	0.12100
462.50	0.12222
462.75	0.12206
463.00	0.12228
463.25	0.12340
463.50	0.12348
463.75	0.12217
464.00	0.12344
464.25	0.12480
464.50	0.12345
464.75	0.12641
465.00	0.12548
465.25	0.12612
465.50	0.12639
465.75	0.12654
466.00	0.12771
466.25	0.12926
466.50	0.12925
466.75	0.12926
467.00	0.13163
467.25	0.13094
467.50	0.13078
467.75	0.12976
468.00	0.13055
468.25	0.13241
468.50	0.13200
468.75	0.13282
469.00	0.13326
469.25	0.13555
469.50	0.13355
469.75	0.13597
470.00	0.13441
470.25	0.13446
470.50	0.13670
470.75	0.13630
471.00	0.13767
471.25	0.13980
471.50	0.13884
471.75	0.13929
472.00	0.13905
472.25	0.13848
472.50	0.14113
472.75	0.14068
473.00	0.14169
473.25	0.14408
473.50	0.14112
473.75	0.14527
474.00	0.14403
474.25	0.14118
474.50	0.14397
474.75	0.14241
475.00	0.14440
475.25	0.14408
475.50	0.14825
475.75	0.14619
476.00	0.14727
476.25	0.14803
476.50	0.14785
476.75	0.14730
477.00	0.14765
477.25	0.14934
477.50	0.15013
477.75	0.15119
478.00	0.15062
478.25	0.15067
478.50	0.14974
478.75	0.15282
479.00	0.15105
479.25	0.15180
479.50	0.15374
479.75	0.15194
480.00	0.15508
480.25	0.15273
480.50	0.15376
480.75	0.15543
481.00	0.15328
481.25	0.15619
481.50	0.15544
481.75	0.15660
482.00	0.15466
482.25	0.15592
482.50	0.15693
482.75	0.15757
483.00	0.15674
483.25	0.15747
483.50	0.15798
483.75	0.15872
484.00	0.15991
484.25	0.16021
484.50	0.16005
484.75	0.16051
485.00	0.16064
485.25	0.16143
485.50	0.16133
485.75	0.16112
486.00	0.16379
486.25	0.16168
486.50	0.16146
486.75	0.16201
487.00	0.16159
487.25	0.16181
487.50	0.16255
487.75	0.16490
488.00	0.16484
488.25	0.16442
488.50	0.16541
488.75	0.16594
489.00	0.16607
489.25	0.16562
489.50	0.16752
489.75	0.16487
490.00	0.16784
490.25	0.16730
490.50	0.16763
490.75	0.16694
491.00	0.16769
491.25	0.16778
491.50	0.16894
491.75	0.16852
492.00	0.16777
492.25	0.17037
492.50	0.16726
492.75	0.17063
493.00	0.16986
493.25	0.16946
493.50	0.17056
493.75	0.17068
494.00	0.17216
494.25	0.17089
494.50	0.17266
494.75	0.17413
495.00	0.17232
495.25	0.17333
495.50	0.17479
495.75	0.17497
496.00	0.17458
496.25	0.17475
496.50	0.17682
496.75	0.17497
497.00	0.17390
497.25	0.17538
497.50	0.17487
497.75	0.17416
498.00	0.17532
498.25	0.17705
498.50	0.17629
498.75	0.17603
499.00	0.17745
499.25	0.17720
499.50	0.18017
499.75	0.17893
500.00	0.17919
500.25	0.17811
500.50	0.17815
500.75	0.18012
501.00	0.18035
501.25	0.18098
501.50	0.18069
501.75	0.18038
502.00	0.17926
502.25	0.18346
502.50	0.18300
502.75	0.18324
503.00	0.18269
503.25	0.18325
503.50	0.18375
503.75	0.18293
504.00	0.18364
504.25	0.18538
504.50	0.18550
504.75	0.18392
505.00	0.18644
505.25	0.18390
505.50	0.18682
505.75	0.18739
506.00	0.18675
506.25	0.18697
506.50	0.18650
506.75	0.18882
507.00	0.18673
507.25	0.18696
507.50	0.18827
507.75	0.18698
508.00	0.18995
508.25	0.19061
508.50	0.19038
508.75	0.19174
509.00	0.19062
509.25	0.19036
509.50	0.18942
509.75	0.19135
510.00	0.19401
510.25	0.19236
510.50	0.19339
510.75	0.19242
511.00	0.19292
511.25	0.19394
511.50	0.19517
511.75	0.19419
512.00	0.19347
512.25	0.19743
512.50	0.19642
512.75	0.19906
513.00	0.19614
513.25	0.19726
513.50	0.19641
513.75	0.19689
514.00	0.19742
514.25	0.19969
514.50	0.20136
514.75	0.20157
515.00	0.19932
515.25	0.20094
515.50	0.20261
515.75	0.20228
516.00	0.20362
516.25	0.20531
516.50	0.20324
516.75	0.20587
517.00	0.20639
517.25	0.20625
517.50	0.20537
517.75	0.20817
518.00	0.20804
518.25	0.20817
518.50	0.21004
518.75	0.20843
519.00	0.21200
519.25	0.20851
519.50	0.21049
519.75	0.21259
520.00	0.21279
520.25	0.21270
520.50	0.21248
520.75	0.21324
521.00	0.21257
521.25	0.21609
521.50	0.21506
521.75	0.21602
522.00	0.21702
522.25	0.22016
522.50	0.21942
522.75	0.21802
523.00	0.21982
523.25	0.22107
523.50	0.22081
523.75	0.22263
524.00	0.22116
524.25	0.22831
524.50	0.22453
524.75	0.22509
525.00	0.22507
525.25	0.22812
525.50	0.23064
525.75	0.23045
526.00	0.23051
526.25	0.22967
526.50	0.23260
526.75	0.23268
527.00	0.23352
527.25	0.23333
527.50	0.23621
527.75	0.23784
528.00	0.23715
528.25	0.23746
528.50	0.23971
528.75	0.24318
529.00	0.24224
529.25	0.24115
529.50	0.24370
529.75	0.24486
530.00	0.24814
530.25	0.24594
530.50	0.25046
530.75	0.25032
531.00	0.25122
531.25	0.25290
531.50	0.25274
531.75	0.25469
532.00	0.25679
532.25	0.25983
532.50	0.25983
532.75	0.25867
533.00	0.26355
533.25	0.26235
533.50	0.26545
533.75	0.26390
534.00	0.26859
534.25	0.26773
534.50	0.27132
534.75	0.27159
535.00	0.27220
535.25	0.27419
535.50	0.27607
535.75	0.27834
536.00	0.27902
536.25	0.28183
536.50	0.28498
536.75	0.28552
537.00	0.28673
537.25	0.28818
537.50	0.29219
537.75	0.29208
538.00	0.29348
538.25	0.29498
538.50	0.29750
538.75	0.30022
539.00	0.30203
539.25	0.30601
539.50	0.30652
539.75	0.30827
540.00	0.31231
540.25	0.31122
540.50	0.31422
540.75	0.31772
541.00	0.32055
541.25	0.32234
541.50	0.32568
541.75	0.32543
542.00	0.32815
542.25	0.33235
542.50	0.33287
542.75	0.33443
543.00	0.33904
543.25	0.34039
543.50	0.34321
543.75	0.34561
544.00	0.34823
544.25	0.35001
544.50	0.35358
544.75	0.35232
545.00	0.35528
545.25	0.35903
545.50	0.36004
545.75	0.36390
546.00	0.36482
546.25	0.37048
546.50	0.37063
546.75	0.37416
547.00	0.37360
547.25	0.37588
547.50	0.38174
547.75	0.38243
548.00	0.38688
548.25	0.38581
548.50	0.38988
548.75	0.39163
549.00	0.39505
549.25	0.39689
549.50	0.39792
549.75	0.40098
550.00	0.40257
550.25	0.40568
550.50	0.40828
550.75	0.40973
551.00	0.41476
551.25	0.41557
551.50	0.41785
551.75	0.41980
552.00	0.42381
552.25	0.42597
552.50	0.42857
552.75	0.43052
553.00	0.43330
553.25	0.43600
553.50	0.43899
553.75	0.43966
554.00	0.44385
554.25	0.44529
554.50	0.44835
554.75	0.45114
555.00	0.45374
555.25	0.45730
555.50	0.46013
555.75	0.46488
556.00	0.46602
556.25	0.47009
556.50	0.47103
556.75	0.47455
557.00	0.47671
557.25	0.47752
557.50	0.48080
557.75	0.48505
558.00	0.48750
558.25	0.48930
558.50	0.49017
558.75	0.49581
559.00	0.49637
559.25	0.49736
559.50	0.50106
559.75	0.50455
560.00	0.50739
560.25	0.50928
560.50	0.50996
560.75	0.51560
561.00	0.51775
561.25	0.51950
561.50	0.52288
561.75	0.52457
562.00	0.52645
562.25	0.53101
562.50	0.53321
562.75	0.53214
563.00	0.53728
563.25	0.53868
563.50	0.54233
563.75	0.54386
564.00	0.54298
564.25	0.55127
564.50	0.55184
564.75	0.55412
565.00	0.55629
565.25	0.55692
565.50	0.55940
565.75	0.56272
566.00	0.56467
566.25	0.56930
566.50	0.57095
566.75	0.57209
567.00	0.57252
567.25	0.57785
567.50	0.57771
567.75	0.58343
568.00	0.58226
568.25	0.58714
568.50	0.58783
568.75	0.59087
569.00	0.59239
569.25	0.59514
569.50	0.59931
569.75	0.59912
570.00	0.60110
570.25	0.60395
570.50	0.60623
570.75	0.60771
571.00	0.61113
571.25	0.61385
571.50	0.61502
571.75	0.61739
572.00	0.61982
572.25	0.62501
572.50	0.62492
572.75	0.63069
573.00	0.62841
573.25	0.63264
573.50	0.63347
573.75	0.63668
574.00	0.63767
574.25	0.63908
574.50	0.64551
574.75	0.64680
575.00	0.64932
575.25	0.65183
575.50	0.65693
575.75	0.65947
576.00	0.66246
576.25	0.66424
576.50	0.67104
576.75	0.67127
577.00	0.67600
577.25	0.67789
577.50	0.68239
577.75	0.68666
578.00	0.69127
578.25	0.69209
578.50	0.69583
578.75	0.70221
579.00	0.70421
579.25	0.71029
579.50	0.71405
579.75	0.71821
580.00	0.72236
580.25	0.72573
580.50	0.72916
580.75	0.73490
581.00	0.73507
581.25	0.74460
581.50	0.74920
581.75	0.75434
582.00	0.76053
582.25	0.76373
582.50	0.76871
582.75	0.77437
583.00	0.77674
583.25	0.78241
583.50	0.78725
583.75	0.79316
584.00	0.79906
584.25	0.80342
584.50	0.80563
584.75	0.81089
585.00	0.81468
585.25	0.81970
585.50	0.82849
585.75	0.83157
586.00	0.83860
586.25	0.84242
586.50	0.84470
586.75	0.85219
587.00	0.85627
587.25	0.86442
587.50	0.86591
587.75	0.86925
588.00	0.87547
588.25	0.88005
588.50	0.88261
588.75	0.89015
589.00	0.89081
589.25	0.89712
589.50	0.90134
589.75	0.90727
590.00	0.90898
590.25	0.91121
590.50	0.91698
590.75	0.92096
591.00	0.92438
591.25	0.92861
591.50	0.92928
591.75	0.93682
592.00	0.94156
592.25	0.94291
592.50	0.94575
592.75	0.95112
593.00	0.95227
593.25	0.95814
593.50	0.95825
593.75	0.96022
594.00	0.96311
594.25	0.96772
594.50	0.96838
594.75	0.97223
595.00	0.97315
595.25	0.97828
595.50	0.97815
595.75	0.98059
596.00	0.97920
596.25	0.98446
596.50	0.98571
596.75	0.98736
597.00	0.98637
597.25	0.98749
597.50	0.99179
597.75	0.99248
598.00	0.99124
598.25	0.99259
598.50	0.99381
598.75	0.99438
599.00	0.99431
599.25	0.99394
599.50	0.99786
599.75	0.99797
600.00	0.99764
600.25	0.99927
600.50	0.99834
600.75	0.99963
601.00	0.99736
601.25	0.99677
601.50	0.99797
601.75	0.99605
602.00	0.99825
602.25	0.99920
602.50	0.99842
602.75	0.99900
603.00	1.0000
603.25	0.99451
603.50	0.99541
603.75	0.99203
604.00	0.99570
604.25	0.99729
604.50	0.99220
604.75	0.99170
605.00	0.99297
605.25	0.98931
605.50	0.98928
605.75	0.99045
606.00	0.98839
606.25	0.98876
606.50	0.98740
606.75	0.98316
607.00	0.98179
607.25	0.98086
607.50	0.98221
607.75	0.97365
608.00	0.97591
608.25	0.97561
608.50	0.97228
608.75	0.97127
609.00	0.96573
609.25	0.96274
609.50	0.96135
609.75	0.95832
610.00	0.95325
610.25	0.94928
610.50	0.94374
610.75	0.94183
611.00	0.93673
611.25	0.93106
611.50	0.92657
611.75	0.92323
612.00	0.91457
612.25	0.91249
612.50	0.90471
612.75	0.89885
613.00	0.88977
613.25	0.88525
613.50	0.88048
613.75	0.87691
614.00	0.87107
614.25	0.86326
614.50	0.85735
614.75	0.84801
615.00	0.84036
615.25	0.83107
615.50	0.82041
615.75	0.81066
616.00	0.79833
616.25	0.79095
616.50	0.77923
616.75	0.76991
617.00	0.75862
617.25	0.74663
617.50	0.73537
617.75	0.72469
618.00	0.71214
618.25	0.70033
618.50	0.68562
618.75	0.67524
619.00	0.66129
619.25	0.64699
619.50	0.63466
619.75	0.62089
620.00	0.60650
620.25	0.59387
620.50	0.57927
620.75	0.56605
621.00	0.55195
621.25	0.53822
621.50	0.52608
621.75	0.50901
622.00	0.49654
622.25	0.48123
622.50	0.46716
622.75	0.45494
623.00	0.44158
623.25	0.43190
623.50	0.41373
623.75	0.40269
624.00	0.38791
624.25	0.37509
624.50	0.36486
624.75	0.35449
625.00	0.34090
625.25	0.32943
625.50	0.31583
625.75	0.30625
626.00	0.29409
626.25	0.28502
626.50	0.27185
626.75	0.26713
627.00	0.25557
627.25	0.24532
627.50	0.23500
627.75	0.22708
628.00	0.21857
628.25	0.21008
628.50	0.20327
628.75	0.19540
629.00	0.18963
629.25	0.17896
629.50	0.17296
629.75	0.16519
630.00	0.16076
630.25	0.15577
630.50	0.14972
630.75	0.14284
631.00	0.13838
631.25	0.13339
631.50	0.12839
631.75	0.12292
632.00	0.11838
632.25	0.11307
632.50	0.11086
632.75	0.10541
633.00	0.10116
633.25	0.097314
633.50	0.094889
633.75	0.092705
634.00	0.088022
634.25	0.084347
634.50	0.081116
634.75	0.076675
635.00	0.073798
635.25	0.070429
635.50	0.068237
635.75	0.067149
636.00	0.065610
636.25	0.060235
636.50	0.060485
636.75	0.059243
637.00	0.056713
637.25	0.054497
637.50	0.053667
637.75	0.052788
638.00	0.050507
638.25	0.050209
638.50	0.047856
638.75	0.043875
639.00	0.045632
639.25	0.042005
639.50	0.041755
639.75	0.041497
640.00	0.040788
640.25	0.037073
640.50	0.034817
640.75	0.036170
641.00	0.035236
641.25	0.036154
641.50	0.032882
641.75	0.031617
642.00	0.032197
642.25	0.028885
642.50	0.029038
642.75	0.029328
643.00	0.028007
643.25	0.027434
643.50	0.028393
643.75	0.023397
644.00	0.024251
644.25	0.023993
644.50	0.022019
644.75	0.021858
645.00	0.022212
645.25	0.021624
645.50	0.021793
645.75	0.020012
646.00	0.018569
646.25	0.016426
646.50	0.020085
646.75	0.017135
647.00	0.018457
647.25	0.017715
647.50	0.016885
647.75	0.017264
648.00	0.015378
648.25	0.014338
648.50	0.012227
648.75	0.013992
649.00	0.014862
649.25	0.016192
649.50	0.013170
649.75	0.0096562
650.00	0.012509
650.25	0.011639
650.50	0.011212
650.75	0.010156
651.00	0.011469
651.25	0.013251
651.50	0.0093822
651.75	0.0089873
652.00	0.0097932
652.25	0.0098093
652.50	0.0083990
652.75	0.0074399
653.00	0.0093822
653.25	0.0074158
653.50	0.0089953
653.75	0.0062956
654.00	0.0060054
654.25	0.0071579
654.50	0.0095031
654.75	0.0062472
655.00	0.0057637
655.25	0.0064487
655.50	0.0060296
655.75	0.0082620
656.00	0.0056589
656.25	0.0047402
656.50	0.0062956
656.75	0.0072304
657.00	0.0062230
657.25	0.0038778
657.50	0.0039987
657.75	0.0046596
658.00	0.0049578
658.25	0.0047805
658.50	0.0035313
658.75	0.0047321
659.00	0.0041921
659.25	0.0045629
659.50	0.0033459
659.75	0.0043291
660.00	0.0037731
660.25	0.0051592
660.50	0.0031042
660.75	0.0027979
661.00	0.0042727
661.25	0.0063117
661.50	0.0057798
661.75	0.0020968
662.00	0.0037811
662.25	0.0033701
662.50	0.0068033
662.75	0.0033701
663.00	0.0020484
663.25	0.0043291
663.50	0.0033137
663.75	0.0028866
664.00	0.0027093
664.25	0.0014924
664.50	0.0036038
664.75	0.0030800
665.00	0.00071870
665.25	0.0021210
665.50	0.0039826
665.75	0.0033057
666.00	0.0044662
666.25	8.2033e-05
666.50	0.0026932
666.75	0.0025078
667.00	0.0035797
667.25	0.0020243
667.50	0.0037489
667.75	0.0037247
668.00	0.0049013
668.25	0.0020243
668.50	0.0020162
668.75	0.0023869
669.00	0.0044178
669.25	0.0043291
669.50	0.0018953
669.75	0.0014037
670.00	0.0025965
670.25	0.0032412
670.50	-3.8853e-05
670.75	0.0014118
671.00	0.0024514
671.25	0.0028543
671.50	0.0042566
671.75	0.00074287
672.00	0.0033298
672.25	0.0030478
672.50	0.0044097
672.75	0.00084764
673.00	0.0011700
673.25	0.0027818
673.50	0.0028463
673.75	0.0028624
674.00	0.0019678
674.25	0.0029269
674.50	0.0028140
674.75	0.0022741
675.00	0.0022822
675.25	0.0015165
675.50	0.0015488
675.75	0.0023144
676.00	0.0040471
676.25	0.00060587
676.50	0.0017261
676.75	0.0042566
677.00	0.0042405
677.25	0.0020484
677.50	0.0020162
677.75	0.0038053
678.00	0.0034507
678.25	0.0024192
678.50	0.0015971
678.75	0.0019759
679.00	0.0034265
679.25	0.0016052
679.50	0.00034798
679.75	0.0026448
680.00	0.0019840
680.25	0.0036602
680.50	0.0024836
680.75	0.0013554
681.00	0.0026126
681.25	0.0034265
681.50	0.00079929
681.75	0.0016455
682.00	0.0017744
682.25	0.0028060
682.50	0.0010008
682.75	0.0015810
683.00	0.0011378
683.25	0.0025803
683.50	0.0031122
683.75	0.0025078
684.00	0.00056558
684.25	0.0023224
684.50	0.0013876
684.75	2.5620e-05
685.00	0.0016294
685.25	0.0022096
685.50	0.0024514
685.75	0.0020484
686.00	0.0016133
686.25	0.00085570
686.50	0.0013876
686.75	0.0032170
687.00	0.00089600
687.25	0.0023224
687.50	0.00079123
687.75	0.0018873
688.00	0.0013231
688.25	0.0025562
688.50	0.0020404
688.75	0.0023708
689.00	0.0016535
689.25	0.0033057
689.50	0.0020162
689.75	0.0017422
690.00	0.0025320
690.25	-0.00021615
690.50	0.0014601
690.75	0.0021290
691.00	0.0016213
691.25	0.0020162
691.50	0.0017341
691.75	0.0029752
692.00	0.0023627
692.25	0.0031606
692.50	0.0020243
692.75	0.0028382
693.00	0.0021854
693.25	0.0017906
693.50	0.0010330
693.75	0.0010169
694.00	0.0020887
694.25	0.0026206
694.50	0.0021290
694.75	0.0026690
695.00	0.0015327
695.25	0.0014360
695.50	0.0014521
695.75	0.0031042
696.00	0.0011619
696.25	-0.00020003
696.50	0.0025884
696.75	0.0024030
697.00	0.0028382
697.25	0.0022016
697.50	0.0022983
697.75	0.0011539
698.00	0.0024192
698.25	0.0028946
698.50	0.00096853
698.75	0.0016374
699.00	0.0018470
699.25	0.0026448
699.50	0.0025481
699.75	0.0031928
700.00	0.0014762
