Wavelength (nm)	J09 abs N
280.00	0.36984
281.00	0.36973
282.00	0.37036
283.00	0.37187
284.00	0.37368
285.00	0.37617
286.00	0.37910
287.00	0.38240
288.00	0.38592
289.00	0.38982
290.00	0.39330
291.00	0.39703
292.00	0.40055
293.00	0.40413
294.00	0.40724
295.00	0.41003
296.00	0.41231
297.00	0.41460
298.00	0.41632
299.00	0.41705
300.00	0.41780
301.00	0.41775
302.00	0.41676
303.00	0.41553
304.00	0.41330
305.00	0.41041
306.00	0.40759
307.00	0.40352
308.00	0.39867
309.00	0.39380
310.00	0.38864
311.00	0.38324
312.00	0.37716
313.00	0.37077
314.00	0.36465
315.00	0.35852
316.00	0.35235
317.00	0.34633
318.00	0.33995
319.00	0.33443
320.00	0.32858
321.00	0.32308
322.00	0.31756
323.00	0.31226
324.00	0.30701
325.00	0.30237
326.00	0.29808
327.00	0.29334
328.00	0.28880
329.00	0.28445
330.00	0.27997
331.00	0.27580
332.00	0.27121
333.00	0.26645
334.00	0.26184
335.00	0.25724
336.00	0.25252
337.00	0.24770
338.00	0.24290
339.00	0.23831
340.00	0.23375
341.00	0.22959
342.00	0.22500
343.00	0.22079
344.00	0.21687
345.00	0.21288
346.00	0.20911
347.00	0.20569
348.00	0.20264
349.00	0.19920
350.00	0.19602
351.00	0.19332
352.00	0.19083
353.00	0.18831
354.00	0.18635
355.00	0.18457
356.00	0.18294
357.00	0.18109
358.00	0.18008
359.00	0.17906
360.00	0.17789
361.00	0.17755
362.00	0.17700
363.00	0.17660
364.00	0.17601
365.00	0.17580
366.00	0.17545
367.00	0.17553
368.00	0.17495
369.00	0.17545
370.00	0.17552
371.00	0.17540
372.00	0.17556
373.00	0.17580
374.00	0.17627
375.00	0.17648
376.00	0.17728
377.00	0.17791
378.00	0.17855
379.00	0.17946
380.00	0.18017
381.00	0.18075
382.00	0.18155
383.00	0.18216
384.00	0.18284
385.00	0.18314
386.00	0.18361
387.00	0.18474
388.00	0.18490
389.00	0.18521
390.00	0.18527
391.00	0.18547
392.00	0.18591
393.00	0.18604
394.00	0.18618
395.00	0.18593
396.00	0.18562
397.00	0.18551
398.00	0.18574
399.00	0.18567
400.00	0.18465
401.00	0.18383
402.00	0.18303
403.00	0.18267
404.00	0.18189
405.00	0.18071
406.00	0.17951
407.00	0.17809
408.00	0.17663
409.00	0.17542
410.00	0.17404
411.00	0.17260
412.00	0.17146
413.00	0.17041
414.00	0.16855
415.00	0.16706
416.00	0.16599
417.00	0.16448
418.00	0.16333
419.00	0.16240
420.00	0.16141
421.00	0.16016
422.00	0.15914
423.00	0.15825
424.00	0.15671
425.00	0.15553
426.00	0.15386
427.00	0.15378
428.00	0.15299
429.00	0.15196
430.00	0.15179
431.00	0.15117
432.00	0.15024
433.00	0.15000
434.00	0.14957
435.00	0.14919
436.00	0.14988
437.00	0.15021
438.00	0.15103
439.00	0.15197
440.00	0.15280
441.00	0.15414
442.00	0.15549
443.00	0.15714
444.00	0.15917
445.00	0.16128
446.00	0.16362
447.00	0.16660
448.00	0.16954
449.00	0.17282
450.00	0.17623
451.00	0.18032
452.00	0.18430
453.00	0.18866
454.00	0.19296
455.00	0.19810
456.00	0.20313
457.00	0.20870
458.00	0.21400
459.00	0.21958
460.00	0.22451
461.00	0.23069
462.00	0.23667
463.00	0.24381
464.00	0.25093
465.00	0.25763
466.00	0.26443
467.00	0.27132
468.00	0.27855
469.00	0.28485
470.00	0.29340
471.00	0.30142
472.00	0.30979
473.00	0.31808
474.00	0.32593
475.00	0.33478
476.00	0.34363
477.00	0.35254
478.00	0.36103
479.00	0.36988
480.00	0.37993
481.00	0.38882
482.00	0.39896
483.00	0.40873
484.00	0.41794
485.00	0.43215
486.00	0.43900
487.00	0.44524
488.00	0.45654
489.00	0.46942
490.00	0.48078
491.00	0.49115
492.00	0.50067
493.00	0.51169
494.00	0.52325
495.00	0.53413
496.00	0.54557
497.00	0.55520
498.00	0.57024
499.00	0.58000
500.00	0.58983
501.00	0.60298
502.00	0.61300
503.00	0.62407
504.00	0.63505
505.00	0.64823
506.00	0.65766
507.00	0.66795
508.00	0.67929
509.00	0.69081
510.00	0.70145
511.00	0.71270
512.00	0.72359
513.00	0.73496
514.00	0.74582
515.00	0.75371
516.00	0.76643
517.00	0.77669
518.00	0.78760
519.00	0.79883
520.00	0.80755
521.00	0.81824
522.00	0.82667
523.00	0.83602
524.00	0.84662
525.00	0.85516
526.00	0.86526
527.00	0.87395
528.00	0.87976
529.00	0.89113
530.00	0.90168
531.00	0.90558
532.00	0.91384
533.00	0.92341
534.00	0.93042
535.00	0.93699
536.00	0.94222
537.00	0.94653
538.00	0.95192
539.00	0.95609
540.00	0.96232
541.00	0.96801
542.00	0.97276
543.00	0.97433
544.00	0.98197
545.00	0.98193
546.00	0.98671
547.00	0.98865
548.00	0.99180
549.00	0.99216
550.00	0.99397
551.00	0.99566
552.00	0.99783
553.00	0.99521
554.00	0.99889
555.00	1.0000
556.00	0.99947
557.00	0.99778
558.00	0.99997
559.00	0.99681
560.00	0.99705
561.00	0.99451
562.00	0.99551
563.00	0.99342
564.00	0.99206
565.00	0.98642
566.00	0.98625
567.00	0.98009
568.00	0.97693
569.00	0.97384
570.00	0.96995
571.00	0.96414
572.00	0.95879
573.00	0.95351
574.00	0.94863
575.00	0.94337
576.00	0.93459
577.00	0.92670
578.00	0.91969
579.00	0.91062
580.00	0.90198
581.00	0.89263
582.00	0.88388
583.00	0.87378
584.00	0.86095
585.00	0.84944
586.00	0.83840
587.00	0.82517
588.00	0.81391
589.00	0.80144
590.00	0.78531
591.00	0.77351
592.00	0.75909
593.00	0.74502
594.00	0.73094
595.00	0.71618
596.00	0.70222
597.00	0.68720
598.00	0.67092
599.00	0.65643
600.00	0.64091
601.00	0.62576
602.00	0.60996
603.00	0.59374
604.00	0.57986
605.00	0.56456
606.00	0.54953
607.00	0.53460
608.00	0.51991
609.00	0.50497
610.00	0.48971
611.00	0.47591
612.00	0.46165
613.00	0.44798
614.00	0.43461
615.00	0.42121
616.00	0.40824
617.00	0.39457
618.00	0.38218
619.00	0.37001
620.00	0.35733
621.00	0.34591
622.00	0.33328
623.00	0.32234
624.00	0.31147
625.00	0.30029
626.00	0.28939
627.00	0.27903
628.00	0.26924
629.00	0.25888
630.00	0.24944
631.00	0.24024
632.00	0.23080
633.00	0.22233
634.00	0.21410
635.00	0.20577
636.00	0.19717
637.00	0.18971
638.00	0.18192
639.00	0.17445
640.00	0.16746
641.00	0.16084
642.00	0.15385
643.00	0.14759
644.00	0.14159
645.00	0.13510
646.00	0.12887
647.00	0.12328
648.00	0.11767
649.00	0.11268
650.00	0.10788
651.00	0.10296
652.00	0.098111
653.00	0.093593
654.00	0.089872
655.00	0.085132
656.00	0.082002
657.00	0.078615
658.00	0.074725
659.00	0.071678
660.00	0.068413
661.00	0.065352
662.00	0.062684
663.00	0.059791
664.00	0.057314
665.00	0.054370
666.00	0.051702
667.00	0.049849
668.00	0.047881
669.00	0.046023
670.00	0.044253
671.00	0.042487
672.00	0.040497
673.00	0.038943
674.00	0.037563
675.00	0.036052
676.00	0.034340
677.00	0.033464
678.00	0.032193
679.00	0.030644
680.00	0.029308
681.00	0.028231
682.00	0.027525
683.00	0.026603
684.00	0.025715
685.00	0.024472
686.00	0.023810
687.00	0.023156
688.00	0.022334
689.00	0.021310
690.00	0.020992
691.00	0.020375
692.00	0.019741
693.00	0.019259
694.00	0.018644
695.00	0.018237
696.00	0.017962
697.00	0.017305
698.00	0.016575
699.00	0.016159
700.00	0.015435
701.00	0.015307
702.00	0.014866
703.00	0.014542
704.00	0.013963
705.00	0.013821
706.00	0.013745
707.00	0.013421
708.00	0.013170
709.00	0.012866
710.00	0.012406
711.00	0.012358
712.00	0.012181
713.00	0.011631
714.00	0.011308
715.00	0.010923
716.00	0.010789
717.00	0.010489
718.00	0.010424
719.00	0.010107
720.00	0.0099534
721.00	0.0098734
722.00	0.0093289
723.00	0.0095227
724.00	0.0087579
725.00	0.0089907
726.00	0.0085595
727.00	0.0083966
728.00	0.0085757
729.00	0.0083781
730.00	0.0081491
731.00	0.0080802
732.00	0.0076157
733.00	0.0074232
734.00	0.0072289
735.00	0.0073589
736.00	0.0073644
737.00	0.0068699
738.00	0.0067366
739.00	0.0064558
740.00	0.0061976
741.00	0.0065779
742.00	0.0066631
743.00	0.0063198
744.00	0.0059039
745.00	0.0058470
746.00	0.0057618
747.00	0.0057128
748.00	0.0060089
749.00	0.0058858
750.00	0.0052955
751.00	0.0052358
752.00	0.0054445
753.00	0.0055444
754.00	0.0053950
755.00	0.0049036
756.00	0.0048162
757.00	0.0048694
758.00	0.0049069
759.00	0.0046052
760.00	0.0042194
761.00	0.0039422
762.00	0.0045030
763.00	0.0044673
764.00	0.0041935
765.00	0.0038978
766.00	0.0038002
767.00	0.0040167
768.00	0.0040903
769.00	0.0035828
770.00	0.0034750
771.00	0.0036299
772.00	0.0036993
773.00	0.0029799
774.00	0.0032214
775.00	0.0034467
776.00	0.0036179
777.00	0.0031585
778.00	0.0030752
779.00	0.0032853
780.00	0.0032867
781.00	0.0029619
782.00	0.0029633
783.00	0.0032788
784.00	0.0027690
785.00	0.0025964
786.00	0.0029249
787.00	0.0030174
788.00	0.0026676
789.00	0.0025302
790.00	0.0030317
791.00	0.0027963
792.00	0.0026029
793.00	0.0028485
794.00	0.0026727
795.00	0.0024400
796.00	0.0026283
797.00	0.0024900
798.00	0.0024442
799.00	0.0024886
800.00	0.0026047
