Wavelength (nm)	K04 abs N
200.00	0.61744
201.00	0.62177
202.00	0.62340
203.00	0.61650
204.00	0.62103
205.00	0.62228
206.00	0.62902
207.00	0.63984
208.00	0.65499
209.00	0.66960
210.00	0.68303
211.00	0.69264
212.00	0.69780
213.00	0.69757
214.00	0.68759
215.00	0.66674
216.00	0.63267
217.00	0.59162
218.00	0.54669
219.00	0.50347
220.00	0.46175
221.00	0.42454
222.00	0.39144
223.00	0.36170
224.00	0.33573
225.00	0.31356
226.00	0.29457
227.00	0.27876
228.00	0.26580
229.00	0.25609
230.00	0.24878
231.00	0.24455
232.00	0.24267
233.00	0.24259
234.00	0.24393
235.00	0.24723
236.00	0.25218
237.00	0.25906
238.00	0.26750
239.00	0.27582
240.00	0.28166
241.00	0.28305
242.00	0.28036
243.00	0.27535
244.00	0.26947
245.00	0.26368
246.00	0.25787
247.00	0.25077
248.00	0.24089
249.00	0.22630
250.00	0.20565
251.00	0.17993
252.00	0.15196
253.00	0.12476
254.00	0.10128
255.00	0.083083
256.00	0.070166
257.00	0.061940
258.00	0.056438
259.00	0.052766
260.00	0.050014
261.00	0.047553
262.00	0.045824
263.00	0.045133
264.00	0.045269
265.00	0.046774
266.00	0.048632
267.00	0.051093
268.00	0.054504
269.00	0.058153
270.00	0.062060
271.00	0.066190
272.00	0.071067
273.00	0.076403
274.00	0.082063
275.00	0.088247
276.00	0.094685
277.00	0.10121
278.00	0.10764
279.00	0.11352
280.00	0.11880
281.00	0.12297
282.00	0.12628
283.00	0.12918
284.00	0.13150
285.00	0.13354
286.00	0.13526
287.00	0.13646
288.00	0.13728
289.00	0.13741
290.00	0.13678
291.00	0.13617
292.00	0.13522
293.00	0.13439
294.00	0.13349
295.00	0.13291
296.00	0.13295
297.00	0.13320
298.00	0.13266
299.00	0.13148
300.00	0.12895
301.00	0.12478
302.00	0.11907
303.00	0.11215
304.00	0.10408
305.00	0.095903
306.00	0.088016
307.00	0.080281
308.00	0.073753
309.00	0.068294
310.00	0.063470
311.00	0.059491
312.00	0.056158
313.00	0.053594
314.00	0.051395
315.00	0.049428
316.00	0.047925
317.00	0.046537
318.00	0.045499
319.00	0.044766
320.00	0.044083
321.00	0.043299
322.00	0.043154
323.00	0.043072
324.00	0.042945
325.00	0.042799
326.00	0.042876
327.00	0.042885
328.00	0.042967
329.00	0.042868
330.00	0.042331
331.00	0.042188
332.00	0.041884
333.00	0.041650
334.00	0.041513
335.00	0.041371
336.00	0.041221
337.00	0.041488
338.00	0.041700
339.00	0.041940
340.00	0.042324
341.00	0.042430
342.00	0.042631
343.00	0.042746
344.00	0.042744
345.00	0.042428
346.00	0.042041
347.00	0.041505
348.00	0.040835
349.00	0.040144
350.00	0.039362
351.00	0.038465
352.00	0.037839
353.00	0.036586
354.00	0.035705
355.00	0.034890
356.00	0.034056
357.00	0.032958
358.00	0.031968
359.00	0.031118
360.00	0.029471
361.00	0.028076
362.00	0.026759
363.00	0.025486
364.00	0.024285
365.00	0.023336
366.00	0.021958
367.00	0.021137
368.00	0.020245
369.00	0.019308
370.00	0.018725
371.00	0.017908
372.00	0.016962
373.00	0.016205
374.00	0.015692
375.00	0.014944
376.00	0.014471
377.00	0.013864
378.00	0.012684
379.00	0.011893
380.00	0.011115
381.00	0.0099681
382.00	0.0087627
383.00	0.0080617
384.00	0.0070217
385.00	0.0060000
386.00	0.0053218
387.00	0.0049021
388.00	0.0043068
389.00	0.0037767
390.00	0.0032118
391.00	0.0029947
392.00	0.0027859
393.00	0.0026841
394.00	0.0023305
395.00	0.0023985
396.00	0.0022432
397.00	0.0017994
398.00	0.0015635
399.00	0.0016508
400.00	0.0019074
401.00	0.0017299
402.00	0.0018684
403.00	0.0016783
404.00	0.0016508
405.00	0.0016127
406.00	0.00094797
407.00	0.0014130
408.00	0.0014714
409.00	0.0015456
410.00	0.0017236
411.00	0.0015263
412.00	0.0014506
413.00	0.0015635
414.00	0.0016002
415.00	0.0014617
416.00	0.0013908
417.00	0.0017208
418.00	0.0014974
419.00	0.0011221
420.00	0.0014554
421.00	0.0014747
422.00	0.0013773
423.00	0.0017815
424.00	0.0014472
425.00	0.0012292
426.00	0.0014945
427.00	0.0017478
428.00	0.0015186
429.00	0.0015654
430.00	0.0017970
431.00	0.0019311
432.00	0.0019909
433.00	0.0017777
434.00	0.0021515
435.00	0.0018872
436.00	0.0018037
437.00	0.0018857
438.00	0.0023951
439.00	0.0023483
440.00	0.0024221
441.00	0.0022591
442.00	0.0026151
443.00	0.0025775
444.00	0.0025157
445.00	0.0024776
446.00	0.0027019
447.00	0.0029499
448.00	0.0027106
449.00	0.0029928
450.00	0.0031337
451.00	0.0031457
452.00	0.0034135
453.00	0.0036006
454.00	0.0037887
455.00	0.0038408
456.00	0.0036363
457.00	0.0039253
458.00	0.0043435
459.00	0.0042914
460.00	0.0044564
461.00	0.0047120
462.00	0.0052282
463.00	0.0048982
464.00	0.0053555
465.00	0.0055268
466.00	0.0057207
467.00	0.0060323
468.00	0.0066281
469.00	0.0069764
470.00	0.0069450
471.00	0.0073468
472.00	0.0082508
473.00	0.0081114
474.00	0.0086816
475.00	0.0088968
476.00	0.0092436
477.00	0.0098273
478.00	0.010655
479.00	0.011015
480.00	0.011704
481.00	0.011903
482.00	0.012410
483.00	0.013480
484.00	0.014170
485.00	0.014808
486.00	0.015355
487.00	0.015841
488.00	0.017612
489.00	0.018485
490.00	0.019410
491.00	0.020086
492.00	0.021224
493.00	0.022374
494.00	0.024029
495.00	0.025196
496.00	0.026512
497.00	0.028218
498.00	0.029898
499.00	0.031483
500.00	0.033714
501.00	0.035433
502.00	0.036756
503.00	0.039049
504.00	0.041012
505.00	0.042945
506.00	0.045104
507.00	0.047601
508.00	0.049602
509.00	0.052000
510.00	0.054807
511.00	0.057125
512.00	0.060005
513.00	0.062515
514.00	0.065828
515.00	0.068844
516.00	0.071688
517.00	0.075314
518.00	0.078603
519.00	0.082942
520.00	0.086158
521.00	0.090191
522.00	0.095031
523.00	0.099386
524.00	0.10498
525.00	0.11098
526.00	0.11575
527.00	0.12266
528.00	0.12910
529.00	0.13592
530.00	0.14427
531.00	0.15125
532.00	0.15973
533.00	0.16857
534.00	0.17700
535.00	0.18553
536.00	0.19451
537.00	0.20315
538.00	0.21249
539.00	0.22210
540.00	0.23134
541.00	0.23973
542.00	0.24970
543.00	0.25896
544.00	0.26913
545.00	0.27812
546.00	0.28724
547.00	0.29731
548.00	0.30561
549.00	0.31503
550.00	0.32428
551.00	0.33389
552.00	0.34345
553.00	0.35286
554.00	0.36122
555.00	0.37165
556.00	0.38113
557.00	0.39128
558.00	0.40069
559.00	0.41245
560.00	0.42290
561.00	0.43369
562.00	0.44645
563.00	0.45932
564.00	0.47425
565.00	0.49104
566.00	0.50840
567.00	0.52779
568.00	0.54931
569.00	0.57227
570.00	0.59569
571.00	0.62046
572.00	0.64396
573.00	0.67065
574.00	0.69746
575.00	0.72225
576.00	0.74825
577.00	0.77356
578.00	0.79606
579.00	0.81902
580.00	0.84135
581.00	0.86387
582.00	0.88244
583.00	0.90013
584.00	0.92044
585.00	0.93663
586.00	0.95268
587.00	0.96543
588.00	0.97729
589.00	0.98477
590.00	0.99254
591.00	0.99894
592.00	1.0000
593.00	0.99986
594.00	0.99766
595.00	0.99170
596.00	0.98376
597.00	0.97280
598.00	0.95829
599.00	0.94154
600.00	0.92404
601.00	0.90421
602.00	0.88224
603.00	0.85725
604.00	0.83306
605.00	0.80437
606.00	0.77566
607.00	0.74547
608.00	0.71583
609.00	0.68557
610.00	0.65176
611.00	0.62196
612.00	0.59003
613.00	0.55902
614.00	0.52849
615.00	0.49822
616.00	0.46989
617.00	0.44006
618.00	0.41295
619.00	0.38532
620.00	0.35898
621.00	0.33601
622.00	0.30950
623.00	0.28804
624.00	0.26714
625.00	0.24733
626.00	0.22825
627.00	0.20960
628.00	0.19397
629.00	0.17750
630.00	0.16355
631.00	0.14976
632.00	0.13666
633.00	0.12481
634.00	0.11427
635.00	0.10395
636.00	0.094765
637.00	0.086716
638.00	0.079039
639.00	0.072100
640.00	0.065792
641.00	0.060381
642.00	0.055409
643.00	0.050071
644.00	0.045685
645.00	0.041774
646.00	0.037082
647.00	0.033392
648.00	0.030469
649.00	0.027549
650.00	0.025547
651.00	0.022931
652.00	0.020570
653.00	0.018942
654.00	0.017438
655.00	0.014316
656.00	0.013230
657.00	0.013135
658.00	0.012869
659.00	0.011028
660.00	0.010290
661.00	0.0091833
662.00	0.0082658
663.00	0.0074501
664.00	0.0074149
665.00	0.0070907
666.00	0.0061385
667.00	0.0049489
668.00	0.0054602
669.00	0.0051959
670.00	0.0045307
671.00	0.0043922
672.00	0.0039832
673.00	0.0038056
674.00	0.0034178
675.00	0.0036546
676.00	0.0030931
677.00	0.0031959
678.00	0.0027164
679.00	0.0026561
680.00	0.0022186
681.00	0.0022615
682.00	0.0023729
683.00	0.0023397
684.00	0.0019615
685.00	0.0018891
686.00	0.0020796
687.00	0.0021877
688.00	0.0021250
689.00	0.0018211
690.00	0.0018727
691.00	0.0018399
692.00	0.0014670
693.00	0.0018510
694.00	0.0019320
695.00	0.0017859
696.00	0.0017864
697.00	0.0018370
698.00	0.0015379
699.00	0.0014014
700.00	0.0018693
