Wavelength (nm)	N07 abs N
200.00	0.48807
201.00	0.49622
202.00	0.49874
203.00	0.50554
204.00	0.49510
205.00	0.47958
206.00	0.46361
207.00	0.45142
208.00	0.43969
209.00	0.42749
210.00	0.41810
211.00	0.40898
212.00	0.40100
213.00	0.39436
214.00	0.38819
215.00	0.38334
216.00	0.37877
217.00	0.37431
218.00	0.37001
219.00	0.36651
220.00	0.36304
221.00	0.35962
222.00	0.35672
223.00	0.35363
224.00	0.34990
225.00	0.34560
226.00	0.34046
227.00	0.33397
228.00	0.32724
229.00	0.31967
230.00	0.31191
231.00	0.30434
232.00	0.29750
233.00	0.29156
234.00	0.28667
235.00	0.28304
236.00	0.28083
237.00	0.27972
238.00	0.27940
239.00	0.27998
240.00	0.28102
241.00	0.28211
242.00	0.28340
243.00	0.28479
244.00	0.28622
245.00	0.28781
246.00	0.28980
247.00	0.29181
248.00	0.29377
249.00	0.29544
250.00	0.29637
251.00	0.29672
252.00	0.29659
253.00	0.29681
254.00	0.29741
255.00	0.29831
256.00	0.29937
257.00	0.30032
258.00	0.30091
259.00	0.30154
260.00	0.30171
261.00	0.30182
262.00	0.30202
263.00	0.30250
264.00	0.30339
265.00	0.30362
266.00	0.30206
267.00	0.29815
268.00	0.29180
269.00	0.28203
270.00	0.26883
271.00	0.25415
272.00	0.23823
273.00	0.22183
274.00	0.20608
275.00	0.19194
276.00	0.17891
277.00	0.16693
278.00	0.15646
279.00	0.14705
280.00	0.13878
281.00	0.13173
282.00	0.12527
283.00	0.11958
284.00	0.11448
285.00	0.10985
286.00	0.10569
287.00	0.10200
288.00	0.098932
289.00	0.096351
290.00	0.094115
291.00	0.092554
292.00	0.091465
293.00	0.090861
294.00	0.090799
295.00	0.091159
296.00	0.091994
297.00	0.093218
298.00	0.094855
299.00	0.096792
300.00	0.099245
301.00	0.10134
302.00	0.10403
303.00	0.10665
304.00	0.10936
305.00	0.11191
306.00	0.11430
307.00	0.11695
308.00	0.11952
309.00	0.12197
310.00	0.12411
311.00	0.12632
312.00	0.12805
313.00	0.12992
314.00	0.13112
315.00	0.13163
316.00	0.13185
317.00	0.13147
318.00	0.13055
319.00	0.12923
320.00	0.12780
321.00	0.12537
322.00	0.12301
323.00	0.12044
324.00	0.11751
325.00	0.11405
326.00	0.11044
327.00	0.10670
328.00	0.10319
329.00	0.099268
330.00	0.095592
331.00	0.091848
332.00	0.088253
333.00	0.084600
334.00	0.081145
335.00	0.077765
336.00	0.074559
337.00	0.071294
338.00	0.068433
339.00	0.065827
340.00	0.063488
341.00	0.061516
342.00	0.059580
343.00	0.058152
344.00	0.056890
345.00	0.055884
346.00	0.054986
347.00	0.054138
348.00	0.053612
349.00	0.052605
350.00	0.051683
351.00	0.050547
352.00	0.048962
353.00	0.047587
354.00	0.045777
355.00	0.043636
356.00	0.041411
357.00	0.039189
358.00	0.036865
359.00	0.034500
360.00	0.032078
361.00	0.029971
362.00	0.027848
363.00	0.025900
364.00	0.023613
365.00	0.022048
366.00	0.020396
367.00	0.019331
368.00	0.018113
369.00	0.017067
370.00	0.016344
371.00	0.015689
372.00	0.014959
373.00	0.014413
374.00	0.014156
375.00	0.013911
376.00	0.014108
377.00	0.013930
378.00	0.014058
379.00	0.014069
380.00	0.013732
381.00	0.014219
382.00	0.014629
383.00	0.014779
384.00	0.014804
385.00	0.014874
386.00	0.014703
387.00	0.015154
388.00	0.015444
389.00	0.015759
390.00	0.016255
391.00	0.016719
392.00	0.016841
393.00	0.016840
394.00	0.017252
395.00	0.017472
396.00	0.017601
397.00	0.018020
398.00	0.018589
399.00	0.018850
400.00	0.018861
401.00	0.019258
402.00	0.019427
403.00	0.019588
404.00	0.019594
405.00	0.019579
406.00	0.019745
407.00	0.019854
408.00	0.019798
409.00	0.019566
410.00	0.019385
411.00	0.019363
412.00	0.019487
413.00	0.019222
414.00	0.018894
415.00	0.018661
416.00	0.018614
417.00	0.018267
418.00	0.017723
419.00	0.017791
420.00	0.017733
421.00	0.017566
422.00	0.017369
423.00	0.017375
424.00	0.017134
425.00	0.017027
426.00	0.016956
427.00	0.016963
428.00	0.016788
429.00	0.016846
430.00	0.016919
431.00	0.016867
432.00	0.016802
433.00	0.016918
434.00	0.016923
435.00	0.016613
436.00	0.016640
437.00	0.017075
438.00	0.017067
439.00	0.017336
440.00	0.017498
441.00	0.017708
442.00	0.017969
443.00	0.018133
444.00	0.019010
445.00	0.019479
446.00	0.020036
447.00	0.020897
448.00	0.021425
449.00	0.022711
450.00	0.023926
451.00	0.025008
452.00	0.026221
453.00	0.027666
454.00	0.029390
455.00	0.031266
456.00	0.033098
457.00	0.035083
458.00	0.037456
459.00	0.039192
460.00	0.041566
461.00	0.044002
462.00	0.046237
463.00	0.048904
464.00	0.051805
465.00	0.053966
466.00	0.056507
467.00	0.058786
468.00	0.061687
469.00	0.063811
470.00	0.066544
471.00	0.069611
472.00	0.072796
473.00	0.076154
474.00	0.079968
475.00	0.083452
476.00	0.087898
477.00	0.093098
478.00	0.098135
479.00	0.10442
480.00	0.11126
481.00	0.11818
482.00	0.12629
483.00	0.13511
484.00	0.14412
485.00	0.15787
486.00	0.16499
487.00	0.17321
488.00	0.18476
489.00	0.19845
490.00	0.21026
491.00	0.22161
492.00	0.23375
493.00	0.24465
494.00	0.25479
495.00	0.26525
496.00	0.27488
497.00	0.28302
498.00	0.29077
499.00	0.29800
500.00	0.30384
501.00	0.30958
502.00	0.31460
503.00	0.31877
504.00	0.32282
505.00	0.32687
506.00	0.33190
507.00	0.33623
508.00	0.34203
509.00	0.34866
510.00	0.35756
511.00	0.36857
512.00	0.37945
513.00	0.39249
514.00	0.40939
515.00	0.42685
516.00	0.44994
517.00	0.47422
518.00	0.50284
519.00	0.53217
520.00	0.56399
521.00	0.59963
522.00	0.63579
523.00	0.67631
524.00	0.71258
525.00	0.75116
526.00	0.78877
527.00	0.83093
528.00	0.86747
529.00	0.89969
530.00	0.92893
531.00	0.95148
532.00	0.97326
533.00	0.98654
534.00	0.99640
535.00	1.0000
536.00	0.99688
537.00	0.98532
538.00	0.97169
539.00	0.94890
540.00	0.92358
541.00	0.89313
542.00	0.85339
543.00	0.81450
544.00	0.77011
545.00	0.72366
546.00	0.67387
547.00	0.62107
548.00	0.57183
549.00	0.52166
550.00	0.47103
551.00	0.42278
552.00	0.37605
553.00	0.33445
554.00	0.29592
555.00	0.25897
556.00	0.22585
557.00	0.19707
558.00	0.17057
559.00	0.14747
560.00	0.12640
561.00	0.10908
562.00	0.093744
563.00	0.079807
564.00	0.068121
565.00	0.058139
566.00	0.049634
567.00	0.041991
568.00	0.035510
569.00	0.030285
570.00	0.025986
571.00	0.022248
572.00	0.019090
573.00	0.016316
574.00	0.013829
575.00	0.012273
576.00	0.010755
577.00	0.0090876
578.00	0.0078633
579.00	0.0074509
580.00	0.0065180
581.00	0.0057653
582.00	0.0051864
583.00	0.0047887
584.00	0.0042427
585.00	0.0038190
586.00	0.0036530
587.00	0.0034390
588.00	0.0030644
589.00	0.0030820
590.00	0.0030066
591.00	0.0028503
592.00	0.0026525
593.00	0.0025937
594.00	0.0025751
595.00	0.0022715
596.00	0.0024399
597.00	0.0023092
598.00	0.0024444
599.00	0.0024483
600.00	0.0023293
601.00	0.0024106
602.00	0.0023381
603.00	0.0020942
604.00	0.0022367
605.00	0.0021814
606.00	0.0020859
607.00	0.0022313
608.00	0.0021794
609.00	0.0020673
610.00	0.0022416
611.00	0.0020575
612.00	0.0020413
613.00	0.0019962
614.00	0.0022049
615.00	0.0022450
616.00	0.0021250
617.00	0.0020095
618.00	0.0020736
619.00	0.0020849
620.00	0.0021172
621.00	0.0021725
622.00	0.0020354
623.00	0.0022156
624.00	0.0021089
625.00	0.0020168
626.00	0.0020761
627.00	0.0021833
628.00	0.0022989
629.00	0.0021951
630.00	0.0024086
631.00	0.0023670
632.00	0.0022597
633.00	0.0026202
634.00	0.0025673
635.00	0.0026887
636.00	0.0027637
637.00	0.0024483
638.00	0.0025423
639.00	0.0022445
640.00	0.0021461
641.00	0.0019551
642.00	0.0018532
643.00	0.0020183
644.00	0.0022960
645.00	0.0019869
646.00	0.0022098
647.00	0.0021544
648.00	0.0024086
649.00	0.0024238
650.00	0.0026329
651.00	0.0026990
652.00	0.0022220
653.00	0.0019228
654.00	0.0019742
655.00	0.0026657
656.00	0.0025849
657.00	0.0021182
658.00	0.0023503
659.00	0.0024223
660.00	0.0021495
661.00	0.0022901
662.00	0.0022196
663.00	0.0021721
664.00	0.0022010
665.00	0.0021216
666.00	0.0025560
667.00	0.0020251
668.00	0.0016613
669.00	0.0025207
670.00	0.0021691
671.00	0.0023268
672.00	0.0020942
673.00	0.0022455
674.00	0.0022107
675.00	0.0021045
676.00	0.0022485
677.00	0.0022210
678.00	0.0024130
679.00	0.0020917
680.00	0.0023533
681.00	0.0022485
682.00	0.0022411
683.00	0.0023342
684.00	0.0023459
685.00	0.0022661
686.00	0.0022627
687.00	0.0023224
688.00	0.0021735
689.00	0.0022832
690.00	0.0022372
691.00	0.0020908
692.00	0.0022377
693.00	0.0024052
694.00	0.0024728
695.00	0.0023009
696.00	0.0022916
697.00	0.0019605
698.00	0.0020555
699.00	0.0021809
700.00	0.0021162
