Wavelength (nm)	O03 abs N
220.00	0.61018
220.25	0.61249
220.50	0.60841
220.75	0.61114
221.00	0.61115
221.25	0.61346
221.50	0.61742
221.75	0.61871
222.00	0.62421
222.25	0.62679
222.50	0.63149
222.75	0.63262
223.00	0.63113
223.25	0.63594
223.50	0.63185
223.75	0.63501
224.00	0.63404
224.25	0.62845
224.50	0.63305
224.75	0.62825
225.00	0.62370
225.25	0.62093
225.50	0.61636
225.75	0.61554
226.00	0.61347
226.25	0.61204
226.50	0.61008
226.75	0.60980
227.00	0.60723
227.25	0.60535
227.50	0.60621
227.75	0.60366
228.00	0.60230
228.25	0.60294
228.50	0.60270
228.75	0.60369
229.00	0.60281
229.25	0.60627
229.50	0.60183
229.75	0.60556
230.00	0.60843
230.25	0.60769
230.50	0.60745
230.75	0.60872
231.00	0.61047
231.25	0.60847
231.50	0.61045
231.75	0.61206
232.00	0.61242
232.25	0.61081
232.50	0.61444
232.75	0.61256
233.00	0.61485
233.25	0.61567
233.50	0.61604
233.75	0.61703
234.00	0.61578
234.25	0.61576
234.50	0.61672
234.75	0.61683
235.00	0.61499
235.25	0.61573
235.50	0.61846
235.75	0.61528
236.00	0.61516
236.25	0.61401
236.50	0.61435
236.75	0.61458
237.00	0.61711
237.25	0.61621
237.50	0.61738
237.75	0.61653
238.00	0.61984
238.25	0.61676
238.50	0.61962
238.75	0.62011
239.00	0.62141
239.25	0.62440
239.50	0.62516
239.75	0.62853
240.00	0.63108
240.25	0.63068
240.50	0.63083
240.75	0.63348
241.00	0.63325
241.25	0.63475
241.50	0.63690
241.75	0.63541
242.00	0.63538
242.25	0.63505
242.50	0.63283
242.75	0.62940
243.00	0.62904
243.25	0.62759
243.50	0.62477
243.75	0.62050
244.00	0.61718
244.25	0.61381
244.50	0.60997
244.75	0.60480
245.00	0.60149
245.25	0.59644
245.50	0.59177
245.75	0.58838
246.00	0.58245
246.25	0.57546
246.50	0.57211
246.75	0.56649
247.00	0.56451
247.25	0.55961
247.50	0.55387
247.75	0.55083
248.00	0.54584
248.25	0.54263
248.50	0.53715
248.75	0.53437
249.00	0.53149
249.25	0.52381
249.50	0.52126
249.75	0.51909
250.00	0.51376
250.25	0.51038
250.50	0.50653
250.75	0.50122
251.00	0.49426
251.25	0.48965
251.50	0.48247
251.75	0.47601
252.00	0.46796
252.25	0.45944
252.50	0.44940
252.75	0.43862
253.00	0.43013
253.25	0.41815
253.50	0.40636
253.75	0.39453
254.00	0.38165
254.25	0.37154
254.50	0.36122
254.75	0.35583
255.00	0.34940
255.25	0.33796
255.50	0.32930
255.75	0.31821
256.00	0.30523
256.25	0.29650
256.50	0.28589
256.75	0.28069
257.00	0.27195
257.25	0.26598
257.50	0.25710
257.75	0.24963
258.00	0.24397
258.25	0.23898
258.50	0.23346
258.75	0.23096
259.00	0.22681
259.25	0.22230
259.50	0.22110
259.75	0.21836
260.00	0.21724
260.25	0.21380
260.50	0.21525
260.75	0.21145
261.00	0.21359
261.25	0.21129
261.50	0.21067
261.75	0.21150
262.00	0.21403
262.25	0.21253
262.50	0.21323
262.75	0.21488
263.00	0.21556
263.25	0.21850
263.50	0.21721
263.75	0.21962
264.00	0.22225
264.25	0.22285
264.50	0.22437
264.75	0.22484
265.00	0.22850
265.25	0.22819
265.50	0.23173
265.75	0.23333
266.00	0.23281
266.25	0.23740
266.50	0.23864
266.75	0.24037
267.00	0.24383
267.25	0.24479
267.50	0.24816
267.75	0.24910
268.00	0.25197
268.25	0.25384
268.50	0.25766
268.75	0.25975
269.00	0.26130
269.25	0.26365
269.50	0.26562
269.75	0.26861
270.00	0.26935
270.25	0.27284
270.50	0.27591
270.75	0.27818
271.00	0.28278
271.25	0.28318
271.50	0.28601
271.75	0.29052
272.00	0.29062
272.25	0.29504
272.50	0.29834
272.75	0.30161
273.00	0.30401
273.25	0.30634
273.50	0.30774
273.75	0.31082
274.00	0.31260
274.25	0.31553
274.50	0.31808
274.75	0.31911
275.00	0.32175
275.25	0.32594
275.50	0.32850
275.75	0.33389
276.00	0.33440
276.25	0.33561
276.50	0.33765
276.75	0.33954
277.00	0.34251
277.25	0.34864
277.50	0.34789
277.75	0.35090
278.00	0.35257
278.25	0.35437
278.50	0.35745
278.75	0.35907
279.00	0.36139
279.25	0.36729
279.50	0.36818
279.75	0.37110
280.00	0.37589
280.25	0.37663
280.50	0.37991
280.75	0.38172
281.00	0.38473
281.25	0.38772
281.50	0.38946
281.75	0.39310
282.00	0.39822
282.25	0.39922
282.50	0.40391
282.75	0.40594
283.00	0.40912
283.25	0.41168
283.50	0.41270
283.75	0.41485
284.00	0.41968
284.25	0.42051
284.50	0.42532
284.75	0.42536
285.00	0.42972
285.25	0.42785
285.50	0.43320
285.75	0.43568
286.00	0.43776
286.25	0.43972
286.50	0.44131
286.75	0.44476
287.00	0.44894
287.25	0.45073
287.50	0.45199
287.75	0.45784
288.00	0.45695
288.25	0.46219
288.50	0.46333
288.75	0.46440
289.00	0.46810
289.25	0.47164
289.50	0.47690
289.75	0.48095
290.00	0.48481
290.25	0.48847
290.50	0.48910
290.75	0.49427
291.00	0.49634
291.25	0.49988
291.50	0.50411
291.75	0.50889
292.00	0.51248
292.25	0.51697
292.50	0.52134
292.75	0.52695
293.00	0.52995
293.25	0.53371
293.50	0.53709
293.75	0.54154
294.00	0.54772
294.25	0.55120
294.50	0.55238
294.75	0.55930
295.00	0.55898
295.25	0.56167
295.50	0.56819
295.75	0.57474
296.00	0.57744
296.25	0.58376
296.50	0.58765
296.75	0.59150
297.00	0.59783
297.25	0.60348
297.50	0.60693
297.75	0.61161
298.00	0.61754
298.25	0.61935
298.50	0.62660
298.75	0.63064
299.00	0.63356
299.25	0.63647
299.50	0.64427
299.75	0.65028
300.00	0.65130
300.25	0.65874
300.50	0.66029
300.75	0.66639
301.00	0.67112
301.25	0.67677
301.50	0.67951
301.75	0.68320
302.00	0.68869
302.25	0.69287
302.50	0.69946
302.75	0.70241
303.00	0.70733
303.25	0.70786
303.50	0.71491
303.75	0.72023
304.00	0.72411
304.25	0.72468
304.50	0.73499
304.75	0.73869
305.00	0.74274
305.25	0.74973
305.50	0.74971
305.75	0.75721
306.00	0.76054
306.25	0.76469
306.50	0.76909
306.75	0.77332
307.00	0.77895
307.25	0.78406
307.50	0.78596
307.75	0.79372
308.00	0.79897
308.25	0.80576
308.50	0.80694
308.75	0.81170
309.00	0.81763
309.25	0.82002
309.50	0.82818
309.75	0.81837
310.00	0.80787
310.25	0.83205
310.50	0.83150
310.75	0.83832
311.00	0.83356
311.25	0.84793
311.50	0.84468
311.75	0.84258
312.00	0.86152
312.25	0.85267
312.50	0.86835
312.75	0.86126
313.00	0.87894
313.25	0.88082
313.50	0.88187
313.75	0.89066
314.00	0.88464
314.25	0.89677
314.50	0.90566
314.75	0.89002
315.00	0.90299
315.25	0.90465
315.50	0.91604
315.75	0.92590
316.00	0.92431
316.25	0.92290
316.50	0.91837
316.75	0.94092
317.00	0.94017
317.25	0.92898
317.50	0.93557
317.75	0.94712
318.00	0.94694
318.25	0.95809
318.50	0.95504
318.75	0.95114
319.00	0.96114
319.25	0.96730
319.50	0.97033
319.75	0.96391
320.00	0.97070
320.25	0.98380
320.50	0.97776
320.75	0.96737
321.00	0.97567
321.25	0.98599
321.50	0.98121
321.75	0.97952
322.00	0.98970
322.25	0.98338
322.50	0.99291
322.75	0.98723
323.00	0.98308
323.25	0.99523
323.50	0.99347
323.75	0.99519
324.00	0.98972
324.25	0.98798
324.50	0.99313
324.75	0.99834
325.00	1.0000
325.25	0.99867
325.50	0.98535
325.75	0.99206
326.00	0.98463
326.25	0.99151
326.50	0.99473
326.75	0.99253
327.00	0.98000
327.25	0.98327
327.50	0.98517
327.75	0.97978
328.00	0.98383
328.25	0.98252
328.50	0.98239
328.75	0.97403
329.00	0.97169
329.25	0.96999
329.50	0.97380
329.75	0.96112
330.00	0.96950
330.25	0.95686
330.50	0.95867
330.75	0.95707
331.00	0.95645
331.25	0.95176
331.50	0.94972
331.75	0.94680
332.00	0.94667
332.25	0.94425
332.50	0.93217
332.75	0.92459
333.00	0.93259
333.25	0.92719
333.50	0.92231
333.75	0.91401
334.00	0.92062
334.25	0.91516
334.50	0.90582
334.75	0.90664
335.00	0.89443
335.25	0.90905
335.50	0.89253
335.75	0.88400
336.00	0.88338
336.25	0.88830
336.50	0.88228
336.75	0.87546
337.00	0.87281
337.25	0.85905
337.50	0.85620
337.75	0.85271
338.00	0.84381
338.25	0.84477
338.50	0.84644
338.75	0.84050
339.00	0.83197
339.25	0.82569
339.50	0.82340
339.75	0.81768
340.00	0.80173
340.25	0.79666
340.50	0.79069
340.75	0.78137
341.00	0.78371
341.25	0.77009
341.50	0.76630
341.75	0.75974
342.00	0.75516
342.25	0.74226
342.50	0.73563
342.75	0.72428
343.00	0.71462
343.25	0.71894
343.50	0.70620
343.75	0.69339
344.00	0.68920
344.25	0.68414
344.50	0.67697
344.75	0.66194
345.00	0.65776
345.25	0.64953
345.50	0.64065
345.75	0.63528
346.00	0.62648
346.25	0.61688
346.50	0.61165
346.75	0.60818
347.00	0.59742
347.25	0.58571
347.50	0.58111
347.75	0.57118
348.00	0.56672
348.25	0.55951
348.50	0.55531
348.75	0.53843
349.00	0.53268
349.25	0.53177
349.50	0.52469
349.75	0.51810
350.00	0.50974
350.25	0.50666
350.50	0.49752
350.75	0.48744
351.00	0.48539
351.25	0.47564
351.50	0.46740
351.75	0.46195
352.00	0.45180
352.25	0.44809
352.50	0.44585
352.75	0.43726
353.00	0.43424
353.25	0.43010
353.50	0.41984
353.75	0.41423
354.00	0.40808
354.25	0.40395
354.50	0.39815
354.75	0.39036
355.00	0.38529
355.25	0.37591
355.50	0.37113
355.75	0.36017
356.00	0.35334
356.25	0.35190
356.50	0.34797
356.75	0.33816
357.00	0.32936
357.25	0.32819
357.50	0.31829
357.75	0.31416
358.00	0.30848
358.25	0.30221
358.50	0.29371
358.75	0.28892
359.00	0.28612
359.25	0.28141
359.50	0.27001
359.75	0.26612
360.00	0.26231
360.25	0.25723
360.50	0.24378
360.75	0.24565
361.00	0.24063
361.25	0.22900
361.50	0.23021
361.75	0.22273
362.00	0.21373
362.25	0.21270
362.50	0.20353
362.75	0.19870
363.00	0.19480
363.25	0.18643
363.50	0.18177
363.75	0.17656
364.00	0.17202
364.25	0.17089
364.50	0.15964
364.75	0.15809
365.00	0.15406
365.25	0.14397
365.50	0.14359
365.75	0.13759
366.00	0.13620
366.25	0.13027
366.50	0.12360
366.75	0.11997
367.00	0.11648
367.25	0.11527
367.50	0.10593
367.75	0.10473
368.00	0.10145
368.25	0.098075
368.50	0.094704
368.75	0.091451
369.00	0.088126
369.25	0.082656
369.50	0.080093
369.75	0.077195
370.00	0.074496
370.25	0.069063
370.50	0.069508
370.75	0.066719
371.00	0.064511
371.25	0.062657
371.50	0.060413
371.75	0.056806
372.00	0.052290
372.25	0.051663
372.50	0.047329
372.75	0.049028
373.00	0.045794
373.25	0.041996
373.50	0.043777
373.75	0.041478
374.00	0.038225
374.25	0.037989
374.50	0.038043
374.75	0.036717
375.00	0.037625
375.25	0.038407
375.50	0.033764
375.75	0.032928
376.00	0.032010
376.25	0.028367
376.50	0.029866
376.75	0.025359
377.00	0.023687
377.25	0.019789
377.50	0.023487
377.75	0.025068
378.00	0.020071
378.25	0.019544
378.50	0.018472
378.75	0.017309
379.00	0.016936
379.25	0.017445
379.50	0.011666
379.75	0.017064
380.00	0.015355
380.25	0.017627
380.50	0.012875
380.75	0.011794
381.00	0.012357
381.25	0.011067
381.50	0.013220
381.75	0.011585
382.00	0.013584
382.25	0.010086
382.50	0.011121
382.75	0.0090134
383.00	0.0081956
383.25	0.010413
383.50	0.0098584
383.75	0.0094767
384.00	0.0056788
384.25	0.011521
384.50	0.0094222
384.75	0.0053426
385.00	0.0070871
385.25	0.0060967
385.50	0.0046248
385.75	0.0066692
386.00	0.0082865
386.25	0.0049428
386.50	0.0035345
386.75	0.0048701
387.00	0.0050155
387.25	0.0064965
387.50	0.0046793
387.75	0.0039615
388.00	0.0041251
388.25	4.5430e-05
388.50	0.0034254
388.75	0.0034709
389.00	0.00017263
389.25	0.0060604
389.50	0.0048338
389.75	0.0028712
390.00	0.0056333
390.25	0.0033437
390.50	0.0038252
390.75	0.0029802
391.00	0.00093586
391.25	0.0022079
391.50	0.0057424
391.75	0.0049973
392.00	0.00081774
392.25	0.0033709
392.50	-9.0860e-06
392.75	0.0048156
393.00	0.0031801
393.25	0.00076323
393.50	0.0027894
393.75	0.0020444
394.00	0.0020625
394.25	0.0022261
394.50	0.0035981
394.75	0.0014083
395.00	0.0027894
395.25	-0.0010722
395.50	-8.1774e-05
395.75	-0.0011176
396.00	0.0012720
396.25	0.0010086
396.50	0.0028439
396.75	0.00051790
397.00	-7.2688e-05
397.25	0.0012993
397.50	0.0015628
397.75	0.00019081
398.00	0.0022806
398.25	0.0041887
398.50	-0.00062694
398.75	0.0026259
399.00	0.00081774
399.25	0.0013084
399.50	-0.00076323
399.75	0.0017990
400.00	0.00072688
400.25	-0.00090860
400.50	-0.00067237
400.75	-0.00016355
401.00	0.0010176
401.25	-0.0022170
401.50	-0.00059968
401.75	0.0026713
402.00	0.0015628
402.25	0.0033618
402.50	-0.00037253
402.75	-0.0016718
403.00	0.0016446
403.25	0.00037253
403.50	-0.00069963
403.75	-0.00019081
404.00	0.0012720
404.25	9.0860e-05
404.50	0.00027258
404.75	0.0013266
405.00	0.0027440
405.25	0.0024987
405.50	0.00047247
405.75	0.00097221
406.00	0.00061785
406.25	0.0023169
406.50	0.00022715
406.75	0.0010812
407.00	-0.00069963
407.25	0.00068145
407.50	0.0012448
407.75	0.00064511
408.00	0.0015719
408.25	0.00087226
408.50	0.0024623
408.75	0.00098129
409.00	-0.00073597
409.25	0.0027803
409.50	-0.00061785
409.75	-0.0011994
410.00	0.0015265
410.25	-0.0012630
410.50	-0.00015446
410.75	-0.00027258
411.00	0.0012175
411.25	0.00042704
411.50	0.00059059
411.75	-0.00081774
412.00	-0.00033618
412.25	-0.00084500
412.50	0.0020080
412.75	0.00036344
413.00	-0.00035436
413.25	0.0019989
413.50	-0.00024532
413.75	0.0020171
414.00	-0.0017445
414.25	0.00077231
414.50	0.00032710
414.75	0.0012720
415.00	0.0023351
415.25	0.00031801
415.50	0.0021897
415.75	-0.0015810
416.00	-0.00025441
416.25	0.0010086
416.50	0.0010722
416.75	-0.00075414
417.00	-4.6099e-06
417.25	-0.00018172
417.50	-0.0016446
417.75	-0.00047247
418.00	-0.00042704
418.25	-0.00079957
418.50	0.00094495
418.75	0.00080866
419.00	0.00033618
419.25	0.0010358
419.50	-5.4516e-05
419.75	0.00032710
420.00	0.00092678
420.25	-0.00055425
420.50	0.0022443
420.75	0.0011721
421.00	0.00054516
421.25	0.00037253
421.50	6.3602e-05
421.75	0.00078140
422.00	-0.0019081
422.25	0.0018626
422.50	4.5430e-05
422.75	0.00037253
423.00	0.0016355
423.25	-0.0010722
423.50	-0.0012175
423.75	0.0019353
424.00	-9.9946e-05
424.25	-0.0013902
424.50	0.00097221
424.75	0.0020807
425.00	-0.0014992
425.25	-0.00027258
425.50	0.00056333
425.75	0.0010994
426.00	-0.00014538
426.25	0.00055425
426.50	0.00035436
426.75	0.00069963
427.00	-0.0021170
427.25	-0.00016355
427.50	-0.00059968
427.75	0.00099946
428.00	0.0011903
428.25	0.0011630
428.50	-0.00040887
428.75	0.0016718
429.00	-0.00010903
429.25	0.0013538
429.50	9.0860e-05
429.75	-0.00086317
430.00	-0.0012539
430.25	0.0017536
430.50	0.0010176
430.75	0.0010358
431.00	-0.0012539
431.25	0.00022715
431.50	0.00013629
431.75	0.00072688
432.00	-0.0013629
432.25	-0.0011448
432.50	0.00023624
432.75	0.00058151
433.00	-0.00060876
433.25	-0.00049065
433.50	-0.00099946
433.75	8.1774e-05
434.00	0.00037253
434.25	-0.0010722
434.50	0.0021988
434.75	-0.00056333
435.00	-0.0012539
435.25	0.0018808
435.50	0.00088135
435.75	-0.00043613
436.00	-0.0013447
436.25	0.00035436
436.50	0.00055425
436.75	0.00026350
437.00	0.00077231
437.25	-0.00043613
437.50	-0.00079957
437.75	-0.0015628
438.00	0.0020262
438.25	0.0033982
438.50	-0.00083592
438.75	-0.00016355
439.00	0.0014265
439.25	0.00018172
439.50	0.00026350
439.75	0.00045430
440.00	0.0011539
440.25	-0.0012448
440.50	-0.0022988
440.75	-0.00066328
441.00	4.5430e-05
441.25	-0.0010176
441.50	0.0018808
441.75	-0.00068145
442.00	0.0034890
442.25	-0.0013993
442.50	-0.00053608
442.75	-0.0011994
443.00	0.0012539
443.25	-0.00075414
443.50	0.0011267
443.75	-0.00088135
444.00	-0.0015991
444.25	0.0016082
444.50	0.00068145
444.75	-0.00041796
445.00	0.00049973
445.25	0.00045430
445.50	-0.00036344
445.75	-0.00088135
446.00	-0.00027258
446.25	0.0030893
446.50	0.00019989
446.75	-0.00029075
447.00	-0.00035436
447.25	0.0013720
447.50	0.00090860
447.75	0.00077231
448.00	-4.5430e-05
448.25	-0.0014447
448.50	0.0010812
448.75	0.0018899
449.00	-0.00039979
449.25	0.0025077
449.50	0.0013720
449.75	0.0019081
450.00	0.00069054
450.25	-0.00064511
450.50	0.00043613
450.75	0.0015991
451.00	0.0013356
451.25	-7.2688e-05
451.50	-2.7258e-05
451.75	0.00014538
452.00	0.0011267
452.25	0.00075414
452.50	-0.00014538
452.75	0.00028167
453.00	-0.0029893
453.25	0.0015083
453.50	-0.0016173
453.75	0.00084500
454.00	0.0015265
454.25	0.0017173
454.50	-0.00092678
454.75	0.00039070
455.00	0.00029984
455.25	-0.00068145
455.50	0.00021807
455.75	-0.00097221
456.00	0.00070871
456.25	-0.0010358
456.50	2.7258e-05
456.75	-0.0012084
457.00	-0.00023624
457.25	-0.00059968
457.50	-0.00026350
457.75	0.00049973
458.00	-0.0011994
458.25	0.00069963
458.50	0.00016355
458.75	-0.00062694
459.00	-0.0014447
459.25	-0.00051790
459.50	3.6344e-05
459.75	-0.00053608
460.00	-0.00037253
460.25	-0.00089952
460.50	0.0012720
460.75	0.00038161
461.00	-0.0015174
461.25	-0.00061785
461.50	5.4516e-05
461.75	0.0014538
462.00	-0.00053608
462.25	0.00044522
462.50	-0.00097221
462.75	-0.0018081
463.00	0.0016355
463.25	0.00063602
463.50	0.00099038
463.75	0.00069963
464.00	0.00013629
464.25	-0.00051790
464.50	-0.0014901
464.75	0.0010722
465.00	-0.0024623
465.25	-0.00056333
465.50	-0.00024532
465.75	-0.00027258
466.00	-0.00094495
466.25	0.00016355
466.50	0.00092678
466.75	-0.00076323
467.00	1.8172e-05
467.25	-0.00072688
467.50	0.00069963
467.75	-0.00034527
468.00	-0.00025441
468.25	0.0021988
468.50	-0.00029984
468.75	-6.3602e-05
469.00	-1.8172e-05
469.25	0.0013902
469.50	-0.00023624
469.75	0.00088135
470.00	-0.00023624
470.25	0.0010267
470.50	-0.0011085
470.75	-0.00037253
471.00	-0.00040887
471.25	0.00053608
471.50	0.00031801
471.75	0.0018899
472.00	0.0023805
472.25	0.00037253
472.50	0.0011176
472.75	0.0013993
473.00	0.00032710
473.25	0.00068145
473.50	0.00054516
473.75	-0.00067237
474.00	0.00099946
474.25	0.00029984
474.50	0.0010812
474.75	-6.3602e-05
475.00	-0.00052699
475.25	-0.00071780
475.50	0.00053608
475.75	-0.00034527
476.00	0.00041796
476.25	0.00012720
476.50	0.0013629
476.75	-0.0012630
477.00	0.00085409
477.25	-0.0013447
477.50	-0.00083592
477.75	0.00025441
478.00	0.00035436
478.25	0.0022806
478.50	0.00019989
478.75	0.00051790
479.00	-0.00034527
479.25	0.0010903
479.50	0.00018172
479.75	0.00011812
480.00	-0.00030893
480.25	-0.0010086
480.50	0.0019172
480.75	-0.0017536
481.00	0.00056333
481.25	-0.00081774
481.50	0.0018899
481.75	0.00019081
482.00	0.00056333
482.25	0.0010358
482.50	-0.0017990
482.75	0.00021807
483.00	-0.0013993
483.25	0.0018172
483.50	-0.0013629
483.75	0.00085409
484.00	0.0011903
484.25	0.00099038
484.50	0.00052699
484.75	-9.0860e-05
485.00	0.00035436
485.25	-0.00018172
485.50	0.0010176
485.75	0.00080866
486.00	-0.0014083
486.25	0.00028167
486.50	-8.1774e-05
486.75	-0.0011448
487.00	0.00027258
487.25	-0.0020080
487.50	0.0017809
487.75	0.00071780
488.00	-0.00036344
488.25	0.00052699
488.50	0.0013720
488.75	0.00044522
489.00	0.0016809
489.25	0.00072688
489.50	0.00069054
489.75	9.0860e-06
490.00	0.0020625
490.25	0.0016173
490.50	-0.00056333
490.75	-0.0010358
491.00	-0.00056333
491.25	-0.0018445
491.50	-5.4516e-05
491.75	0.0013720
492.00	0.0011630
492.25	-0.00051790
492.50	0.00050882
492.75	0.00096312
493.00	-0.0010086
493.25	0.0011176
493.50	0.0012630
493.75	-0.00087226
494.00	0.00076323
494.25	0.00051790
494.50	0.0018172
494.75	0.00012720
495.00	-0.0011812
495.25	-0.0021080
495.50	0.0017354
495.75	0.0011267
496.00	5.4516e-05
496.25	0.0012266
496.50	0.00030893
496.75	-0.00029075
497.00	-0.0014538
497.25	-0.00092678
497.50	-0.00058151
497.75	0.0010267
498.00	0.00079049
498.25	-0.00069054
498.50	0.00091769
498.75	0.00046339
499.00	0.0035526
499.25	-0.0018808
499.50	0.00099946
499.75	-0.00019081
500.00	-0.0013629
