Wavelength (nm)	O06 abs N
220.00	0.79586
220.25	0.79910
220.50	0.80486
220.75	0.80489
221.00	0.80816
221.25	0.81362
221.50	0.81658
221.75	0.81478
222.00	0.81714
222.25	0.82157
222.50	0.82388
222.75	0.82305
223.00	0.82395
223.25	0.82549
223.50	0.82611
223.75	0.82898
224.00	0.82945
224.25	0.82828
224.50	0.82526
224.75	0.82558
225.00	0.82567
225.25	0.82529
225.50	0.82311
225.75	0.82122
226.00	0.81785
226.25	0.81760
226.50	0.81727
226.75	0.81440
227.00	0.81270
227.25	0.80550
227.50	0.80180
227.75	0.79961
228.00	0.79801
228.25	0.79253
228.50	0.78871
228.75	0.78238
229.00	0.77939
229.25	0.77664
229.50	0.77086
229.75	0.76265
230.00	0.75709
230.25	0.75203
230.50	0.74787
230.75	0.74152
231.00	0.73694
231.25	0.72857
231.50	0.72177
231.75	0.71790
232.00	0.70925
232.25	0.70275
232.50	0.69771
232.75	0.69248
233.00	0.68450
233.25	0.67598
233.50	0.67276
233.75	0.66508
234.00	0.65740
234.25	0.64985
234.50	0.64646
234.75	0.63784
235.00	0.63257
235.25	0.62345
235.50	0.61403
235.75	0.60670
236.00	0.59900
236.25	0.59339
236.50	0.58891
236.75	0.58090
237.00	0.57618
237.25	0.57294
237.50	0.56540
237.75	0.56036
238.00	0.55653
238.25	0.55193
238.50	0.54421
238.75	0.54116
239.00	0.53734
239.25	0.53235
239.50	0.52948
239.75	0.52391
240.00	0.51903
240.25	0.51618
240.50	0.51331
240.75	0.50889
241.00	0.50640
241.25	0.50454
241.50	0.50112
241.75	0.49820
242.00	0.49575
242.25	0.49223
242.50	0.48898
242.75	0.48730
243.00	0.48563
243.25	0.48377
243.50	0.48161
243.75	0.47886
244.00	0.47860
244.25	0.47821
244.50	0.47437
244.75	0.47437
245.00	0.47579
245.25	0.47423
245.50	0.47338
245.75	0.47186
246.00	0.47167
246.25	0.47287
246.50	0.47261
246.75	0.47157
247.00	0.47315
247.25	0.47360
247.50	0.47718
247.75	0.47653
248.00	0.47835
248.25	0.47994
248.50	0.48258
248.75	0.48325
249.00	0.48726
249.25	0.48910
249.50	0.49044
249.75	0.49275
250.00	0.49699
250.25	0.50056
250.50	0.50254
250.75	0.50697
251.00	0.51091
251.25	0.51293
251.50	0.51795
251.75	0.52325
252.00	0.52656
252.25	0.52917
252.50	0.53573
252.75	0.53960
253.00	0.54498
253.25	0.54902
253.50	0.55295
253.75	0.55929
254.00	0.56199
254.25	0.56860
254.50	0.57096
254.75	0.57411
255.00	0.57555
255.25	0.58031
255.50	0.58389
255.75	0.58828
256.00	0.59469
256.25	0.59709
256.50	0.60414
256.75	0.60718
257.00	0.61099
257.25	0.61476
257.50	0.61845
257.75	0.62285
258.00	0.62960
258.25	0.62961
258.50	0.63653
258.75	0.64014
259.00	0.64071
259.25	0.64525
259.50	0.64644
259.75	0.64871
260.00	0.65162
260.25	0.65218
260.50	0.65107
260.75	0.65436
261.00	0.65305
261.25	0.65272
261.50	0.65114
261.75	0.64922
262.00	0.65006
262.25	0.64558
262.50	0.64072
262.75	0.63759
263.00	0.63198
263.25	0.62662
263.50	0.62123
263.75	0.61573
264.00	0.61189
264.25	0.60248
264.50	0.59431
264.75	0.58749
265.00	0.57650
265.25	0.56838
265.50	0.55761
265.75	0.54731
266.00	0.53730
266.25	0.52694
266.50	0.51812
266.75	0.50753
267.00	0.49556
267.25	0.48501
267.50	0.47288
267.75	0.46236
268.00	0.44931
268.25	0.44144
268.50	0.42612
268.75	0.41821
269.00	0.40754
269.25	0.39711
269.50	0.38855
269.75	0.37784
270.00	0.36949
270.25	0.35913
270.50	0.35068
270.75	0.34096
271.00	0.33401
271.25	0.32445
271.50	0.31603
271.75	0.31037
272.00	0.30217
272.25	0.29594
272.50	0.29107
272.75	0.28242
273.00	0.27687
273.25	0.27144
273.50	0.26571
273.75	0.26048
274.00	0.25789
274.25	0.25440
274.50	0.24914
274.75	0.24732
275.00	0.24242
275.25	0.23709
275.50	0.23350
275.75	0.23119
276.00	0.22443
276.25	0.22336
276.50	0.22180
276.75	0.22072
277.00	0.21848
277.25	0.21579
277.50	0.21431
277.75	0.21334
278.00	0.21095
278.25	0.20968
278.50	0.20847
278.75	0.20698
279.00	0.20773
279.25	0.20600
279.50	0.20526
279.75	0.20534
280.00	0.20428
280.25	0.20261
280.50	0.20289
280.75	0.20134
281.00	0.20220
281.25	0.20113
281.50	0.20186
281.75	0.20207
282.00	0.20162
282.25	0.20357
282.50	0.20164
282.75	0.20278
283.00	0.20180
283.25	0.20236
283.50	0.20229
283.75	0.20281
284.00	0.20252
284.25	0.20347
284.50	0.20234
284.75	0.20339
285.00	0.20494
285.25	0.20647
285.50	0.20708
285.75	0.20611
286.00	0.20650
286.25	0.20892
286.50	0.20894
286.75	0.20928
287.00	0.20945
287.25	0.21149
287.50	0.21457
287.75	0.21505
288.00	0.21683
288.25	0.21781
288.50	0.21934
288.75	0.21886
289.00	0.21975
289.25	0.22014
289.50	0.22420
289.75	0.22364
290.00	0.22421
290.25	0.22804
290.50	0.22917
290.75	0.23058
291.00	0.23214
291.25	0.23460
291.50	0.23525
291.75	0.23736
292.00	0.24029
292.25	0.24188
292.50	0.24211
292.75	0.24475
293.00	0.24719
293.25	0.25024
293.50	0.25157
293.75	0.25387
294.00	0.25721
294.25	0.25883
294.50	0.26124
294.75	0.26143
295.00	0.26248
295.25	0.26563
295.50	0.26536
295.75	0.26872
296.00	0.27186
296.25	0.27474
296.50	0.27709
296.75	0.28011
297.00	0.28362
297.25	0.28606
297.50	0.29086
297.75	0.29347
298.00	0.29546
298.25	0.29715
298.50	0.30095
298.75	0.30612
299.00	0.31036
299.25	0.31273
299.50	0.31681
299.75	0.31939
300.00	0.32553
300.25	0.32928
300.50	0.33231
300.75	0.33469
301.00	0.33996
301.25	0.34560
301.50	0.35063
301.75	0.35549
302.00	0.35889
302.25	0.36416
302.50	0.36884
302.75	0.37180
303.00	0.37484
303.25	0.38128
303.50	0.38490
303.75	0.39131
304.00	0.39503
304.25	0.40088
304.50	0.40644
304.75	0.41109
305.00	0.41526
305.25	0.41874
305.50	0.42430
305.75	0.42862
306.00	0.43500
306.25	0.43959
306.50	0.44471
306.75	0.44858
307.00	0.45626
307.25	0.46151
307.50	0.46779
307.75	0.47234
308.00	0.47910
308.25	0.48393
308.50	0.49088
308.75	0.49465
309.00	0.50230
309.25	0.50780
309.50	0.51378
309.75	0.51753
310.00	0.49832
310.25	0.51349
310.50	0.51304
310.75	0.52212
311.00	0.52878
311.25	0.53138
311.50	0.53949
311.75	0.55414
312.00	0.56070
312.25	0.55769
312.50	0.56520
312.75	0.56312
313.00	0.57866
313.25	0.58350
313.50	0.58952
313.75	0.59493
314.00	0.59567
314.25	0.60872
314.50	0.61364
314.75	0.61697
315.00	0.62580
315.25	0.63462
315.50	0.63494
315.75	0.65066
316.00	0.65238
316.25	0.65821
316.50	0.67843
316.75	0.67260
317.00	0.68301
317.25	0.68427
317.50	0.68666
317.75	0.70547
318.00	0.70163
318.25	0.71631
318.50	0.71657
318.75	0.72061
319.00	0.72473
319.25	0.73035
319.50	0.72983
319.75	0.73975
320.00	0.74984
320.25	0.74114
320.50	0.75863
320.75	0.75498
321.00	0.77107
321.25	0.77448
321.50	0.77495
321.75	0.78252
322.00	0.78638
322.25	0.79214
322.50	0.78815
322.75	0.79792
323.00	0.80544
323.25	0.80908
323.50	0.81490
323.75	0.80976
324.00	0.82834
324.25	0.82759
324.50	0.83523
324.75	0.83323
325.00	0.84844
325.25	0.84242
325.50	0.85308
325.75	0.85460
326.00	0.85985
326.25	0.86316
326.50	0.86982
326.75	0.87225
327.00	0.87396
327.25	0.87257
327.50	0.88102
327.75	0.88879
328.00	0.89601
328.25	0.89481
328.50	0.89865
328.75	0.90424
329.00	0.91182
329.25	0.90068
329.50	0.91232
329.75	0.91908
330.00	0.91892
330.25	0.92210
330.50	0.92721
330.75	0.91778
331.00	0.92677
331.25	0.93022
331.50	0.92981
331.75	0.93615
332.00	0.92653
332.25	0.94010
332.50	0.94636
332.75	0.94826
333.00	0.94829
333.25	0.95974
333.50	0.94445
333.75	0.95097
334.00	0.95489
334.25	0.96540
334.50	0.96308
334.75	0.96615
335.00	0.96526
335.25	0.96999
335.50	0.96099
335.75	0.96568
336.00	0.96671
336.25	0.97516
336.50	0.98512
336.75	0.97317
337.00	0.97555
337.25	0.97473
337.50	0.98460
337.75	0.98275
338.00	0.98197
338.25	0.98802
338.50	0.99199
338.75	0.98724
339.00	0.98876
339.25	0.99463
339.50	0.98595
339.75	0.99169
340.00	0.98359
340.25	0.99416
340.50	0.99949
340.75	0.98989
341.00	0.99123
341.25	0.99870
341.50	0.99717
341.75	0.99360
342.00	0.99690
342.25	0.99511
342.50	0.99227
342.75	0.99991
343.00	0.99451
343.25	0.99621
343.50	0.99407
343.75	0.99853
344.00	1.00000
344.25	0.99928
344.50	0.98892
344.75	0.99511
345.00	0.98991
345.25	0.99095
345.50	0.99236
345.75	0.99005
346.00	0.98607
346.25	0.98597
346.50	0.98986
346.75	0.99132
347.00	0.98310
347.25	0.98482
347.50	0.98932
347.75	0.98773
348.00	0.98832
348.25	0.97495
348.50	0.97797
348.75	0.97735
349.00	0.98356
349.25	0.97886
349.50	0.97294
349.75	0.97908
350.00	0.96829
350.25	0.96602
350.50	0.96340
350.75	0.96340
351.00	0.95951
351.25	0.95242
351.50	0.95923
351.75	0.95373
352.00	0.94545
352.25	0.94646
352.50	0.94458
352.75	0.94255
353.00	0.93811
353.25	0.94203
353.50	0.93489
353.75	0.93090
354.00	0.93049
354.25	0.92996
354.50	0.92389
354.75	0.92305
355.00	0.91452
355.25	0.91334
355.50	0.90451
355.75	0.90227
356.00	0.89848
356.25	0.89426
356.50	0.89414
356.75	0.88582
357.00	0.88274
357.25	0.87774
357.50	0.87786
357.75	0.87024
358.00	0.87129
358.25	0.86112
358.50	0.85855
358.75	0.85616
359.00	0.85230
359.25	0.84825
359.50	0.84211
359.75	0.83860
360.00	0.83202
360.25	0.82663
360.50	0.82369
360.75	0.81890
361.00	0.81501
361.25	0.81209
361.50	0.80073
361.75	0.79668
362.00	0.79325
362.25	0.78872
362.50	0.78370
362.75	0.77571
363.00	0.77121
363.25	0.77115
363.50	0.76652
363.75	0.75731
364.00	0.75143
364.25	0.74482
364.50	0.74385
364.75	0.73617
365.00	0.72566
365.25	0.72210
365.50	0.71495
365.75	0.71276
366.00	0.70984
366.25	0.70071
366.50	0.69302
366.75	0.69087
367.00	0.68378
367.25	0.67702
367.50	0.67085
367.75	0.66444
368.00	0.65830
368.25	0.65054
368.50	0.64735
368.75	0.63796
369.00	0.63672
369.25	0.62740
369.50	0.62151
369.75	0.61571
370.00	0.60528
370.25	0.59591
370.50	0.59405
370.75	0.58430
371.00	0.58305
371.25	0.57343
371.50	0.56435
371.75	0.56023
372.00	0.55799
372.25	0.54654
372.50	0.54218
372.75	0.53441
373.00	0.53283
373.25	0.52627
373.50	0.51768
373.75	0.51030
374.00	0.50542
374.25	0.49800
374.50	0.49700
374.75	0.49625
375.00	0.49040
375.25	0.48471
375.50	0.47902
375.75	0.46954
376.00	0.46191
376.25	0.45285
376.50	0.44283
376.75	0.43708
377.00	0.42907
377.25	0.42508
377.50	0.41602
377.75	0.40817
378.00	0.40353
378.25	0.39606
378.50	0.38970
378.75	0.38502
379.00	0.37520
379.25	0.36935
379.50	0.36560
379.75	0.36039
380.00	0.35270
380.25	0.34502
380.50	0.33786
380.75	0.33531
381.00	0.32493
381.25	0.32211
381.50	0.31313
381.75	0.30674
382.00	0.30027
382.25	0.29329
382.50	0.28877
382.75	0.28388
383.00	0.27692
383.25	0.27003
383.50	0.26411
383.75	0.26005
384.00	0.25425
384.25	0.24829
384.50	0.24312
384.75	0.23746
385.00	0.23023
385.25	0.22692
385.50	0.22234
385.75	0.21615
386.00	0.21285
386.25	0.20781
386.50	0.20100
386.75	0.19587
387.00	0.19067
387.25	0.18666
387.50	0.18285
387.75	0.17875
388.00	0.17316
388.25	0.16707
388.50	0.16417
388.75	0.16064
389.00	0.15843
389.25	0.15123
389.50	0.14586
389.75	0.14275
390.00	0.13938
390.25	0.13435
390.50	0.13267
390.75	0.12895
391.00	0.12218
391.25	0.12065
391.50	0.11838
391.75	0.11360
392.00	0.11130
392.25	0.10628
392.50	0.10239
392.75	0.10082
393.00	0.098172
393.25	0.093608
393.50	0.093227
393.75	0.089321
394.00	0.088865
394.25	0.084241
394.50	0.081380
394.75	0.080066
395.00	0.073575
395.25	0.073575
395.50	0.069721
395.75	0.067749
396.00	0.065500
396.25	0.064111
396.50	0.060451
396.75	0.058427
397.00	0.055909
397.25	0.054886
397.50	0.053840
397.75	0.051390
398.00	0.050031
398.25	0.048783
398.50	0.045280
398.75	0.046117
399.00	0.042539
399.25	0.043032
399.50	0.041979
399.75	0.039813
400.00	0.038939
400.25	0.038311
400.50	0.034308
400.75	0.035346
401.00	0.034681
401.25	0.032963
401.50	0.031574
401.75	0.029191
402.00	0.029445
402.25	0.027809
402.50	0.027264
402.75	0.025389
403.00	0.026778
403.25	0.025068
403.50	0.022237
403.75	0.023335
404.00	0.021079
404.25	0.023185
404.50	0.018457
404.75	0.020302
405.00	0.016911
405.25	0.017673
405.50	0.019540
405.75	0.018412
406.00	0.016933
406.25	0.015791
406.50	0.015103
406.75	0.012243
407.00	0.013116
407.25	0.012579
407.50	0.012168
407.75	0.011436
408.00	0.011824
408.25	0.012937
408.50	0.012228
408.75	0.010920
409.00	0.010263
409.25	0.0095834
409.50	0.010562
409.75	0.0082986
410.00	0.0070214
410.25	0.0078206
410.50	0.0073799
410.75	0.0096133
411.00	0.0061624
411.25	0.0078430
411.50	0.0071932
411.75	0.0086273
412.00	0.0072305
412.25	0.0059084
412.50	0.0046834
412.75	0.0080746
413.00	0.0046460
413.25	0.0065732
413.50	0.0062371
413.75	0.0060428
414.00	0.0057142
414.25	0.0058935
414.50	0.0036899
414.75	0.0037497
415.00	0.0057291
415.25	0.0055947
415.50	0.0035406
415.75	0.0042427
416.00	0.0052585
416.25	0.0031895
416.50	0.0039738
416.75	0.0022782
417.00	0.0036750
417.25	0.0025322
417.50	0.0043398
417.75	0.0041829
418.00	0.0048701
418.25	0.0024874
418.50	0.0017255
418.75	0.0036078
419.00	0.0026890
419.25	0.0039439
419.50	0.0027936
419.75	0.0024948
420.00	0.0038692
420.25	0.0033165
420.50	0.0028459
420.75	0.0033837
421.00	0.0031148
421.25	0.0026517
421.50	0.0024500
421.75	-0.00020168
422.00	0.0034360
422.25	0.0028608
422.50	0.0027712
422.75	0.0016433
423.00	0.0016209
423.25	0.0014566
423.50	0.0022259
423.75	0.0018823
424.00	0.0035107
424.25	0.00085153
424.50	0.0023678
424.75	0.0015537
425.00	0.0025322
425.25	0.0024874
425.50	0.0025322
425.75	0.0024500
426.00	0.0012549
426.25	0.0015686
426.50	0.00041082
426.75	0.0012997
427.00	0.0014267
427.25	0.0015088
427.50	0.0012698
427.75	0.0040261
428.00	0.0017329
428.25	0.00094116
428.50	0.0022857
428.75	0.0010906
429.00	0.00093369
429.25	0.00092622
429.50	-0.00050046
429.75	0.0018450
430.00	0.0032044
430.25	0.00067226
430.50	0.0024500
430.75	0.00067226
431.00	0.00078430
431.25	0.0012623
431.50	0.0012250
431.75	0.0029579
432.00	0.0025994
432.25	0.0017852
432.50	0.0013370
432.75	0.0012101
433.00	0.00050793
433.25	2.9878e-05
433.50	0.00049299
433.75	0.00070214
434.00	0.0015686
434.25	0.00093369
434.50	0.0020392
434.75	0.0010233
435.00	0.0019197
435.25	0.00097851
435.50	0.00085900
435.75	0.0019346
436.00	0.0014864
436.25	0.00099345
436.50	0.0026367
436.75	0.0018450
437.00	0.00070214
437.25	0.00061997
437.50	0.0011802
437.75	0.0023753
438.00	0.0032194
438.25	0.0014566
438.50	0.0019720
438.75	0.00038842
439.00	0.0020466
439.25	0.00042576
439.50	0.0022707
439.75	0.0023454
440.00	0.0024127
440.25	0.00088140
440.50	0.0025845
440.75	0.0016806
441.00	6.7226e-05
441.25	0.0021288
441.50	0.00099345
441.75	0.00082165
442.00	0.00054528
442.25	0.0014640
442.50	0.0015313
442.75	0.0011802
443.00	0.0026367
443.25	0.0017479
443.50	0.00071707
443.75	0.0013744
444.00	0.0014566
444.25	-5.9756e-05
444.50	-0.00017927
444.75	0.0026143
445.00	0.00091128
445.25	0.0020466
445.50	0.0020840
445.75	0.0028758
446.00	0.0015686
446.25	0.0014640
446.50	0.0013221
446.75	0.0025172
447.00	0.0019271
447.25	0.0011055
447.50	0.0038543
447.75	0.0017105
448.00	0.0015985
448.25	0.00029878
448.50	0.0012623
448.75	0.0016284
449.00	0.0033837
449.25	0.0013146
449.50	-8.2165e-05
449.75	0.0026218
450.00	0.0015611
450.25	0.0012250
450.50	0.00076936
450.75	0.0010308
451.00	0.00092622
451.25	0.0024799
451.50	0.00096357
451.75	0.0035331
452.00	0.0016433
452.25	0.0019346
452.50	0.0025322
452.75	0.0013146
453.00	0.00017180
453.25	0.00058262
453.50	-0.00018674
453.75	0.0013595
454.00	0.0015537
454.25	0.0018973
454.50	0.0038767
454.75	0.0016134
455.00	0.00097104
455.25	0.0016657
455.50	1.4939e-05
455.75	0.0018300
456.00	0.00024649
456.25	0.0016433
456.50	0.00069467
456.75	0.0016806
457.00	0.0016209
457.25	0.00026143
457.50	0.0012922
457.75	0.00064238
458.00	0.0020989
458.25	0.0019271
458.50	0.0033613
458.75	0.0013819
459.00	0.0022782
459.25	0.0034584
459.50	0.0019495
459.75	0.0020989
460.00	0.00052287
460.25	0.0011130
460.50	0.00023902
460.75	0.0022782
461.00	0.0020616
461.25	0.0029878
461.50	0.0028758
461.75	8.8947e-07
462.00	0.0014416
462.25	0.0027338
462.50	0.0013893
462.75	0.0021736
463.00	0.0018151
463.25	0.0015014
463.50	0.00050793
463.75	0.00096357
464.00	0.0014640
464.25	0.00059009
464.50	0.0023828
464.75	0.00024649
465.00	0.0023902
465.25	0.0013520
465.50	0.0018599
465.75	0.0016732
466.00	0.00038842
466.25	0.0023454
466.50	0.0025620
466.75	0.0024500
467.00	0.0022483
467.25	0.0029953
467.50	0.0027861
467.75	0.0026069
468.00	0.0028683
468.25	0.0023828
468.50	0.0021587
468.75	0.0023753
469.00	0.0032194
469.25	0.0015611
469.50	0.0017777
469.75	0.0020093
470.00	0.0020989
470.25	0.00062744
470.50	0.00095610
470.75	0.0035181
471.00	0.0022633
471.25	0.0019944
471.50	-0.00026143
471.75	-0.00041082
472.00	0.0022782
472.25	8.2165e-05
472.50	0.0013370
472.75	0.0022110
473.00	0.0030177
473.25	0.0024127
473.50	0.0017255
473.75	0.0013221
474.00	4.4817e-05
474.25	0.0027861
474.50	-0.00046311
474.75	0.0015835
475.00	0.0017927
475.25	0.0015835
475.50	0.0021064
475.75	0.00073201
476.00	0.0012848
476.25	0.0018973
476.50	0.0030027
476.75	0.0013819
477.00	0.0014566
477.25	0.0013146
477.50	0.0020541
477.75	0.0018300
478.00	0.00090381
478.25	0.0016657
478.50	0.0019869
478.75	0.0033314
479.00	0.0019944
479.25	0.00032866
479.50	0.0023230
479.75	0.00097851
480.00	0.0016134
480.25	0.00070960
480.50	0.0010980
480.75	0.0020989
481.00	0.0035928
481.25	0.00063491
481.50	0.00097851
481.75	0.0026069
482.00	0.0023902
482.25	0.0018599
482.50	0.0013893
482.75	0.0017105
483.00	0.0025396
483.25	0.0028309
483.50	0.0018599
483.75	0.0020541
484.00	0.00067226
484.25	0.0032268
484.50	0.00088140
484.75	0.0028608
485.00	0.0021886
485.25	0.0027264
485.50	0.0022558
485.75	0.0019197
486.00	-8.2165e-05
486.25	0.0015163
486.50	0.0022633
486.75	0.00042576
487.00	0.0023604
487.25	0.0016881
487.50	0.0022857
487.75	0.00099345
488.00	0.0014790
488.25	0.0017329
488.50	0.0024724
488.75	0.0017479
489.00	0.00069467
489.25	0.0014715
489.50	0.0020765
489.75	0.00092622
490.00	0.0029729
490.25	0.0028160
490.50	0.00053034
490.75	0.0025471
491.00	0.0017255
491.25	0.0027114
491.50	0.0018226
491.75	0.0020915
492.00	0.00084406
492.25	0.00042576
492.50	-0.00026143
492.75	0.0010607
493.00	0.0017628
493.25	0.00043323
493.50	0.0021288
493.75	0.0011204
494.00	0.0023230
494.25	0.0011055
494.50	-0.00013445
494.75	0.00039588
495.00	-0.00057515
495.25	0.0026816
495.50	0.00061997
495.75	0.0012549
496.00	0.0021213
496.25	0.00073201
496.50	0.0030999
496.75	0.00046311
497.00	0.0017180
497.25	0.00053781
497.50	0.0011727
497.75	0.00098598
498.00	0.0013221
498.25	0.0016209
498.50	0.00052287
498.75	0.0022633
499.00	0.0025471
499.25	0.0019794
499.50	0.0023305
499.75	0.0022857
500.00	0.0010756
