Wavelength (nm)	Q05 abs N
300.00	0.036953
300.25	0.039558
300.50	0.036473
300.75	0.037177
301.00	0.028514
301.25	0.029364
301.50	0.034919
301.75	0.036730
302.00	0.038731
302.25	0.037613
302.50	0.039882
302.75	0.043325
303.00	0.032415
303.25	0.036976
303.50	0.038742
303.75	0.036160
304.00	0.035903
304.25	0.035869
304.50	0.044755
304.75	0.035802
305.00	0.038529
305.25	0.041190
305.50	0.038619
305.75	0.038597
306.00	0.038339
306.25	0.041134
306.50	0.042620
306.75	0.033835
307.00	0.041570
307.25	0.038865
307.50	0.041637
307.75	0.040296
308.00	0.041838
308.25	0.044957
308.50	0.033947
308.75	0.039614
309.00	0.042844
309.25	0.038127
309.50	0.040977
309.75	0.047840
310.00	0.050300
310.25	0.047639
310.50	0.046533
310.75	0.054189
311.00	0.043012
311.25	0.031052
311.50	0.053094
311.75	0.047751
312.00	0.044610
312.25	0.040631
312.50	0.050255
312.75	0.044934
313.00	0.050858
313.25	0.050613
313.50	0.056447
313.75	0.061097
314.00	0.055419
314.25	0.044521
314.50	0.054838
314.75	0.048265
315.00	0.059957
315.25	0.051931
315.50	0.054178
315.75	0.051082
316.00	0.059722
316.25	0.055821
316.50	0.054234
316.75	0.057766
317.00	0.055710
317.25	0.054558
317.50	0.058918
317.75	0.056213
318.00	0.056179
318.25	0.049148
318.50	0.058739
318.75	0.067044
319.00	0.053642
319.25	0.055967
319.50	0.052770
319.75	0.062092
320.00	0.058705
320.25	0.050467
320.50	0.059342
320.75	0.064898
321.00	0.065188
321.25	0.064607
321.50	0.052144
321.75	0.052680
322.00	0.065714
322.25	0.064171
322.50	0.060158
322.75	0.056716
323.00	0.065412
323.25	0.059678
323.50	0.069089
323.75	0.063936
324.00	0.061734
324.25	0.056190
324.50	0.059119
324.75	0.065356
325.00	0.070866
325.25	0.068776
325.50	0.062114
325.75	0.059666
326.00	0.062897
326.25	0.071057
326.50	0.069659
326.75	0.064406
327.00	0.065948
327.25	0.065389
327.50	0.068251
327.75	0.070766
328.00	0.064149
328.25	0.069089
328.50	0.061198
328.75	0.065144
329.00	0.063187
329.25	0.068497
329.50	0.067636
329.75	0.064015
330.00	0.065613
330.25	0.068855
330.50	0.072096
330.75	0.071269
331.00	0.072353
331.25	0.064015
331.50	0.074074
331.75	0.068229
332.00	0.064328
332.25	0.060840
332.50	0.061555
332.75	0.063187
333.00	0.070419
333.25	0.068899
333.50	0.075315
333.75	0.075438
334.00	0.067882
334.25	0.068162
334.50	0.063612
334.75	0.064551
335.00	0.073337
335.25	0.072521
335.50	0.076735
335.75	0.070073
336.00	0.074387
336.25	0.069838
336.50	0.070140
336.75	0.064674
337.00	0.063064
337.25	0.069983
337.50	0.069570
337.75	0.067882
338.00	0.069503
338.25	0.068944
338.50	0.066653
338.75	0.072398
339.00	0.067245
339.25	0.065881
339.50	0.066004
339.75	0.062327
340.00	0.062964
340.25	0.060740
340.50	0.063948
340.75	0.065199
341.00	0.061287
341.25	0.063858
341.50	0.056537
341.75	0.059253
342.00	0.057341
342.25	0.059678
342.50	0.066664
342.75	0.066809
343.00	0.059376
343.25	0.063858
343.50	0.057017
343.75	0.055620
344.00	0.055005
344.25	0.053888
344.50	0.059778
344.75	0.054681
345.00	0.055620
345.25	0.055285
345.50	0.047315
345.75	0.052725
346.00	0.055028
346.25	0.054793
346.50	0.064070
346.75	0.054726
347.00	0.057185
347.25	0.052669
347.50	0.052088
347.75	0.054748
348.00	0.052524
348.25	0.051306
348.50	0.053228
348.75	0.049819
349.00	0.049729
349.25	0.057163
349.50	0.046667
349.75	0.048835
350.00	0.055888
350.25	0.049036
350.50	0.053116
350.75	0.052077
351.00	0.048791
351.25	0.052133
351.50	0.057397
351.75	0.053049
352.00	0.050948
352.25	0.050881
352.50	0.047449
352.75	0.047416
353.00	0.048187
353.25	0.055117
353.50	0.049595
353.75	0.050814
354.00	0.049707
354.25	0.050087
354.50	0.050501
354.75	0.053094
355.00	0.049204
355.25	0.041749
355.50	0.046924
355.75	0.051529
356.00	0.049528
356.25	0.049841
356.50	0.047639
356.75	0.052882
357.00	0.043727
357.25	0.052345
357.50	0.047125
357.75	0.052625
358.00	0.051328
358.25	0.047874
358.50	0.050523
358.75	0.048735
359.00	0.045225
359.25	0.049920
359.50	0.045247
359.75	0.050423
360.00	0.042240
360.25	0.042397
360.50	0.047438
360.75	0.044375
361.00	0.046600
361.25	0.048455
361.50	0.048265
361.75	0.046499
362.00	0.043962
362.25	0.046790
362.50	0.046644
362.75	0.046533
363.00	0.046779
363.25	0.043358
363.50	0.044476
363.75	0.048802
364.00	0.044498
364.25	0.047852
364.50	0.051060
364.75	0.050311
365.00	0.049931
365.25	0.047729
365.50	0.049148
365.75	0.049908
366.00	0.047326
366.25	0.045180
366.50	0.049439
366.75	0.051809
367.00	0.049048
367.25	0.052289
367.50	0.049875
367.75	0.048221
368.00	0.047751
368.25	0.049797
368.50	0.050165
368.75	0.046723
369.00	0.048489
369.25	0.050165
369.50	0.048992
369.75	0.048813
370.00	0.052859
370.25	0.050534
370.50	0.044700
370.75	0.047729
371.00	0.053474
371.25	0.047192
371.50	0.049372
371.75	0.051037
372.00	0.048131
372.25	0.052177
372.50	0.050288
372.75	0.052356
373.00	0.053116
373.25	0.052870
373.50	0.053496
373.75	0.050411
374.00	0.053753
374.25	0.051663
374.50	0.056291
374.75	0.055665
375.00	0.054402
375.25	0.055363
375.50	0.053742
375.75	0.052412
376.00	0.057364
376.25	0.058202
376.50	0.057375
376.75	0.053753
377.00	0.054111
377.25	0.057587
377.50	0.060974
377.75	0.055944
378.00	0.058303
378.25	0.064797
378.50	0.063288
378.75	0.059052
379.00	0.064238
379.25	0.062461
379.50	0.064059
379.75	0.060460
380.00	0.062629
380.25	0.066127
380.50	0.066418
380.75	0.069749
381.00	0.066328
381.25	0.068117
381.50	0.069581
381.75	0.076634
382.00	0.077249
382.25	0.076511
382.50	0.081932
382.75	0.082044
383.00	0.084201
383.25	0.085342
383.50	0.085040
383.75	0.090226
384.00	0.093099
384.25	0.094653
384.50	0.094060
384.75	0.097794
385.00	0.097704
385.25	0.10821
385.50	0.10954
385.75	0.10990
386.00	0.11338
386.25	0.11561
386.50	0.11805
386.75	0.11891
387.00	0.12512
387.25	0.12281
387.50	0.12930
387.75	0.12523
388.00	0.12719
388.25	0.12652
388.50	0.12574
388.75	0.13003
389.00	0.12918
389.25	0.13170
389.50	0.13200
389.75	0.13053
390.00	0.13028
390.25	0.12967
390.50	0.12910
390.75	0.12864
391.00	0.12897
391.25	0.12974
391.50	0.12605
391.75	0.12481
392.00	0.12578
392.25	0.12961
392.50	0.12610
392.75	0.13015
393.00	0.12366
393.25	0.12901
393.50	0.12969
393.75	0.12680
394.00	0.12708
394.25	0.13191
394.50	0.13277
394.75	0.13611
395.00	0.13453
395.25	0.14196
395.50	0.14623
395.75	0.15384
396.00	0.15304
396.25	0.15844
396.50	0.16287
396.75	0.16655
397.00	0.17327
397.25	0.17893
397.50	0.18542
397.75	0.19219
398.00	0.19743
398.25	0.20548
398.50	0.20968
398.75	0.21334
399.00	0.22079
399.25	0.22382
399.50	0.23378
399.75	0.23454
400.00	0.24885
400.25	0.25633
400.50	0.26073
400.75	0.27022
401.00	0.27990
401.25	0.29146
401.50	0.29923
401.75	0.30924
402.00	0.32015
402.25	0.33194
402.50	0.34341
402.75	0.35568
403.00	0.37128
403.25	0.38547
403.50	0.39980
403.75	0.41905
404.00	0.43319
404.25	0.45456
404.50	0.47278
404.75	0.48842
405.00	0.51589
405.25	0.54378
405.50	0.56263
405.75	0.59403
406.00	0.62066
406.25	0.64509
406.50	0.67893
406.75	0.70504
407.00	0.73898
407.25	0.77027
407.50	0.80355
407.75	0.83577
408.00	0.85799
408.25	0.88831
408.50	0.91397
408.75	0.93780
409.00	0.95802
409.25	0.96704
409.50	0.98185
409.75	1.0000
410.00	0.99163
410.25	0.99115
410.50	0.98209
410.75	0.97877
411.00	0.95710
411.25	0.94077
411.50	0.91716
411.75	0.88946
412.00	0.85957
412.25	0.82915
412.50	0.79784
412.75	0.75984
413.00	0.72303
413.25	0.69118
413.50	0.65538
413.75	0.62293
414.00	0.59034
414.25	0.55907
414.50	0.53993
414.75	0.52645
415.00	0.50200
415.25	0.47336
415.50	0.44377
415.75	0.41232
416.00	0.38588
416.25	0.36120
416.50	0.33652
416.75	0.30914
417.00	0.29244
417.25	0.27013
417.50	0.25196
417.75	0.22967
418.00	0.21230
418.25	0.19852
418.50	0.18117
418.75	0.17014
419.00	0.15312
419.25	0.13980
419.50	0.13167
419.75	0.12036
420.00	0.10917
420.25	0.10589
420.50	0.094485
420.75	0.090383
421.00	0.080021
421.25	0.076847
421.50	0.070252
421.75	0.061980
422.00	0.060270
422.25	0.055475
422.50	0.056414
422.75	0.052133
423.00	0.043828
423.25	0.044755
423.50	0.041503
423.75	0.039122
424.00	0.035724
424.25	0.036585
424.50	0.036786
424.75	0.033064
425.00	0.033667
425.25	0.031376
425.50	0.031510
425.75	0.029979
426.00	0.030515
426.25	0.025686
426.50	0.024211
426.75	0.026290
427.00	0.024546
427.25	0.024546
427.50	0.026268
427.75	0.024010
428.00	0.022557
428.25	0.022713
428.50	0.022344
428.75	0.020925
429.00	0.020802
429.25	0.020757
429.50	0.020790
429.75	0.022445
430.00	0.019192
430.25	0.019773
430.50	0.020880
430.75	0.019550
431.00	0.018074
431.25	0.019181
431.50	0.018678
431.75	0.017538
432.00	0.020366
432.25	0.019539
432.50	0.017828
432.75	0.017448
433.00	0.014486
433.25	0.014531
433.50	0.012921
433.75	0.014386
434.00	0.011278
434.25	0.015995
434.50	0.014665
434.75	0.012139
435.00	0.016308
435.25	0.013514
435.50	0.015056
435.75	0.012709
436.00	0.012910
436.25	0.0090092
436.50	0.012866
436.75	0.013648
437.00	0.011077
437.25	0.012217
437.50	0.010451
437.75	0.010753
438.00	0.012631
438.25	0.011357
438.50	0.011088
438.75	0.010965
439.00	0.0087074
439.25	0.013369
439.50	0.0083833
439.75	0.011122
440.00	0.011401
440.25	0.0085845
440.50	0.011111
440.75	0.010082
441.00	0.0095010
441.25	0.0070196
441.50	0.010764
441.75	0.010954
442.00	0.0087409
442.25	0.010731
442.50	0.011334
442.75	0.0091098
443.00	0.0094675
443.25	0.010149
443.50	0.0091433
443.75	0.0098922
444.00	0.0094675
444.25	0.0097469
444.50	0.0080368
444.75	0.010932
445.00	0.012497
445.25	0.0073102
445.50	0.0072655
445.75	0.010060
446.00	0.0081038
446.25	0.0098811
446.50	0.0087186
446.75	0.0098028
447.00	0.0055777
447.25	0.010060
447.50	0.010272
447.75	0.0086962
448.00	0.010127
448.25	0.0081374
448.50	0.0097134
448.75	0.0074555
449.00	0.0093557
449.25	0.0080368
449.50	0.0091210
449.75	0.0073549
450.00	0.0086851
450.25	0.0079809
450.50	0.0095681
450.75	0.010708
451.00	0.0095346
451.25	0.0078579
451.50	0.0066060
451.75	0.0066395
452.00	0.0069413
452.25	0.010395
452.50	0.0069078
452.75	0.0083721
453.00	0.010585
453.25	0.0081150
453.50	0.0070866
453.75	0.0078356
454.00	0.0058683
454.25	0.0069078
454.50	0.0084950
454.75	0.0076567
455.00	0.0094004
455.25	0.0089980
455.50	0.0077238
455.75	0.0083162
456.00	0.0062260
456.25	0.0099593
456.50	0.0063825
456.75	0.0060695
457.00	0.0078914
457.25	0.0084280
457.50	0.0086739
457.75	0.0076455
458.00	0.0085733
458.25	0.0089757
458.50	0.0083833
458.75	0.0079362
459.00	0.0083497
459.25	0.0077685
459.50	0.0061030
459.75	0.0088974
460.00	0.0094563
460.25	0.0082715
460.50	0.0080032
460.75	0.0069637
461.00	0.011189
461.25	0.0094340
461.50	0.0071872
461.75	0.0079809
462.00	0.0087186
462.25	0.0060918
462.50	0.0080926
462.75	0.0081932
463.00	0.0072431
463.25	0.0068072
463.50	0.0085286
463.75	0.0075226
464.00	0.0076008
464.25	0.0086962
464.50	0.0084503
464.75	0.0065501
465.00	0.0089980
465.25	0.0087968
465.50	0.0074108
465.75	0.0096463
466.00	0.0079138
466.25	0.0072320
466.50	0.0076679
466.75	0.0089869
467.00	0.0081262
467.25	0.0069860
467.50	0.0084727
467.75	0.0077014
468.00	0.0050411
468.25	0.0077573
468.50	0.0090427
468.75	0.0077014
469.00	0.0083497
469.25	0.0070419
469.50	0.0062371
469.75	0.0080926
470.00	0.0087298
470.25	0.010339
470.50	0.0086739
470.75	0.0082491
471.00	0.0083050
471.25	0.0082379
471.50	0.0086962
471.75	0.0064272
472.00	0.0088863
472.25	0.0080926
472.50	0.0086068
472.75	0.0086068
473.00	0.0067178
473.25	0.0098028
473.50	0.0093445
473.75	0.0095346
474.00	0.0058124
474.25	0.0075002
474.50	0.0082044
474.75	0.0082938
475.00	0.0080256
475.25	0.0074890
475.50	0.0078020
475.75	0.0098922
476.00	0.0077797
476.25	0.0065613
476.50	0.0067290
476.75	0.0072431
477.00	0.0091992
477.25	0.0093445
477.50	0.0077797
477.75	0.0077238
478.00	0.0071090
478.25	0.0070755
478.50	0.0076344
478.75	0.0059353
479.00	0.0082491
479.25	0.0093669
479.50	0.0081262
479.75	0.0070084
480.00	0.0074779
480.25	0.0081262
480.50	0.0053988
480.75	0.0086515
481.00	0.0091881
481.25	0.010373
481.50	0.0065501
481.75	0.0076455
482.00	0.0087633
482.25	0.0068407
482.50	0.0081038
482.75	0.0081038
483.00	0.0076567
483.25	0.0072543
483.50	0.0088415
483.75	0.0075673
484.00	0.0071090
484.25	0.0080144
484.50	0.0097805
484.75	0.0080926
485.00	0.0080256
485.25	0.0089310
485.50	0.0077573
485.75	0.0077126
486.00	0.0080256
486.25	0.0084727
486.50	0.0085621
486.75	0.0096240
487.00	0.0095346
487.25	0.0075449
487.50	0.0074220
487.75	0.0090651
488.00	0.0085621
488.25	0.0068631
488.50	0.0059689
488.75	0.0061030
489.00	0.0078467
489.25	0.0099928
489.50	0.0091769
489.75	0.0098364
490.00	0.0092328
490.25	0.0064495
490.50	0.010351
490.75	0.0088527
491.00	0.0070866
491.25	0.0078132
491.50	0.0079026
491.75	0.0089310
492.00	0.0092663
492.25	0.0076232
492.50	0.0087074
492.75	0.0091657
493.00	0.0090763
493.25	0.0078132
493.50	0.0091210
493.75	0.0091992
494.00	0.0090316
494.25	0.0096575
494.50	0.0082379
494.75	0.0076455
495.00	0.0093669
495.25	0.0074220
495.50	0.0074443
495.75	0.0070531
496.00	0.0088974
496.25	0.0091098
496.50	0.0094228
496.75	0.0068296
497.00	0.0097916
497.25	0.011066
497.50	0.0094116
497.75	0.0094228
498.00	0.0097022
498.25	0.0092775
498.50	0.0094675
498.75	0.010641
499.00	0.0074667
499.25	0.0070196
499.50	0.0063936
499.75	0.0097581
500.00	0.0074108
500.25	0.0098699
500.50	0.012027
500.75	0.0095346
501.00	0.0094563
501.25	0.0093445
501.50	0.0061924
501.75	0.0080479
502.00	0.0074890
502.25	0.0086403
502.50	0.0094116
502.75	0.011167
503.00	0.0089869
503.25	0.0083609
503.50	0.0087857
503.75	0.0068519
504.00	0.010541
504.25	0.0094563
504.50	0.0091657
504.75	0.0086292
505.00	0.011167
505.25	0.0092216
505.50	0.011312
505.75	0.010038
506.00	0.0098922
506.25	0.0087968
506.50	0.0088304
506.75	0.0089198
507.00	0.0085174
507.25	0.0095122
507.50	0.010518
507.75	0.0091210
508.00	0.0097358
508.25	0.0075114
508.50	0.010708
508.75	0.0089421
509.00	0.0092663
509.25	0.0093781
509.50	0.0085286
509.75	0.0086515
510.00	0.0095122
510.25	0.0084168
510.50	0.0092439
510.75	0.011044
511.00	0.0088304
511.25	0.0093110
511.50	0.0085733
511.75	0.0078244
512.00	0.0099034
512.25	0.0091210
512.50	0.010775
512.75	0.0066731
513.00	0.010172
513.25	0.0099258
513.50	0.0083944
513.75	0.0097916
514.00	0.0064719
514.25	0.0082491
514.50	0.0092551
514.75	0.0078020
515.00	0.0094340
515.25	0.0077461
515.50	0.010854
515.75	0.0079250
516.00	0.0081038
516.25	0.0076791
516.50	0.010004
516.75	0.0095681
517.00	0.0071202
517.25	0.0071425
517.50	0.0088192
517.75	0.0083050
518.00	0.0069413
518.25	0.0080256
518.50	0.0081709
518.75	0.0091992
519.00	0.0075785
519.25	0.0063266
519.50	0.0091992
519.75	0.010205
520.00	0.0091881
520.25	0.0094899
520.50	0.011748
520.75	0.010116
521.00	0.0091769
521.25	0.0090986
521.50	0.0095904
521.75	0.011848
522.00	0.0085733
522.25	0.011882
522.50	0.0091545
522.75	0.011222
523.00	0.011658
523.25	0.010384
523.50	0.011681
523.75	0.010641
524.00	0.010183
524.25	0.011312
524.50	0.0082491
524.75	0.011837
525.00	0.010429
525.25	0.011010
525.50	0.011580
525.75	0.010183
526.00	0.012575
526.25	0.012709
526.50	0.011077
526.75	0.013804
527.00	0.011312
527.25	0.014285
527.50	0.015325
527.75	0.014252
528.00	0.014307
528.25	0.014408
528.50	0.015045
528.75	0.014632
529.00	0.016666
529.25	0.015023
529.50	0.016889
529.75	0.018555
530.00	0.016308
530.25	0.015749
530.50	0.017895
530.75	0.018566
531.00	0.018175
531.25	0.020109
531.50	0.019695
531.75	0.019863
532.00	0.021215
532.25	0.020723
532.50	0.024189
532.75	0.023898
533.00	0.022691
533.25	0.023250
533.50	0.023462
533.75	0.025552
534.00	0.026268
534.25	0.026290
534.50	0.029028
534.75	0.028034
535.00	0.027206
535.25	0.029856
535.50	0.029677
535.75	0.029733
536.00	0.030917
536.25	0.031119
536.50	0.031577
536.75	0.033421
537.00	0.032125
537.25	0.034271
537.50	0.033690
537.75	0.034394
538.00	0.035579
538.25	0.035288
538.50	0.033589
538.75	0.037814
539.00	0.037367
539.25	0.036730
539.50	0.038574
539.75	0.037859
540.00	0.038529
540.25	0.038708
540.50	0.039871
540.75	0.040720
541.00	0.042654
541.25	0.044018
541.50	0.042095
541.75	0.042933
542.00	0.044241
542.25	0.043224
542.50	0.043582
542.75	0.045258
543.00	0.044476
543.25	0.046656
543.50	0.045493
543.75	0.044733
544.00	0.045817
544.25	0.045806
544.50	0.047617
544.75	0.046242
545.00	0.045638
545.25	0.044811
545.50	0.047539
545.75	0.043314
546.00	0.043660
546.25	0.043314
546.50	0.044722
546.75	0.042498
547.00	0.043917
547.25	0.043369
547.50	0.042330
547.75	0.042263
548.00	0.041615
548.25	0.038641
548.50	0.038585
548.75	0.037445
549.00	0.039100
549.25	0.037032
549.50	0.035154
549.75	0.034617
550.00	0.033589
550.25	0.031711
550.50	0.031018
550.75	0.032102
551.00	0.030157
551.25	0.029498
551.50	0.026010
551.75	0.026111
552.00	0.025720
552.25	0.026402
552.50	0.026234
552.75	0.024256
553.00	0.024043
553.25	0.023831
553.50	0.023887
553.75	0.023495
554.00	0.022121
554.25	0.023853
554.50	0.021215
554.75	0.022378
555.00	0.021238
555.25	0.020992
555.50	0.022925
555.75	0.019282
556.00	0.021182
556.25	0.019852
556.50	0.019896
556.75	0.018644
557.00	0.018868
557.25	0.017012
557.50	0.017616
557.75	0.015503
558.00	0.018052
558.25	0.015649
558.50	0.015034
558.75	0.018208
559.00	0.016398
559.25	0.017795
559.50	0.014408
559.75	0.016554
560.00	0.014050
560.25	0.015593
560.50	0.014967
560.75	0.013234
561.00	0.012061
561.25	0.014095
561.50	0.013123
561.75	0.012284
562.00	0.012172
562.25	0.011614
562.50	0.015325
562.75	0.010786
563.00	0.012161
563.25	0.011949
563.50	0.011535
563.75	0.010541
564.00	0.010921
564.25	0.012575
564.50	0.010585
564.75	0.0098028
565.00	0.013346
565.25	0.011368
565.50	0.011144
565.75	0.0075896
566.00	0.011681
566.25	0.010149
566.50	0.011211
566.75	0.011837
567.00	0.013547
567.25	0.0098587
567.50	0.011669
567.75	0.011703
568.00	0.012329
568.25	0.014263
568.50	0.011994
568.75	0.012005
569.00	0.013771
569.25	0.011647
569.50	0.013491
569.75	0.012675
570.00	0.014911
570.25	0.014475
570.50	0.014576
570.75	0.015962
571.00	0.014956
571.25	0.011960
571.50	0.014933
571.75	0.015749
572.00	0.015213
572.25	0.017594
572.50	0.018398
572.75	0.017079
573.00	0.017795
573.25	0.020153
573.50	0.019427
573.75	0.019091
574.00	0.019404
574.25	0.023317
574.50	0.021394
574.75	0.023048
575.00	0.023093
575.25	0.024423
575.50	0.026905
575.75	0.026368
576.00	0.029028
576.25	0.028995
576.50	0.032091
576.75	0.033567
577.00	0.033365
577.25	0.037322
577.50	0.036853
577.75	0.038619
578.00	0.040050
578.25	0.043079
578.50	0.042341
578.75	0.043068
579.00	0.046354
579.25	0.043112
579.50	0.048075
579.75	0.047773
580.00	0.048511
580.25	0.048243
580.50	0.046488
580.75	0.050188
581.00	0.049595
581.25	0.047773
581.50	0.050098
581.75	0.046812
582.00	0.048098
582.25	0.044711
582.50	0.044901
582.75	0.043369
583.00	0.042475
583.25	0.040329
583.50	0.040318
583.75	0.040273
584.00	0.036674
584.25	0.035947
584.50	0.031521
584.75	0.030862
585.00	0.031119
585.25	0.026860
585.50	0.026592
585.75	0.025127
586.00	0.023663
586.25	0.022355
586.50	0.020489
586.75	0.020478
587.00	0.017001
587.25	0.019159
587.50	0.016431
587.75	0.015258
588.00	0.014419
588.25	0.014330
588.50	0.014151
588.75	0.011591
589.00	0.011412
589.25	0.012374
589.50	0.0079920
589.75	0.0097358
590.00	0.010149
590.25	0.0099370
590.50	0.0093334
590.75	0.0074220
591.00	0.0061365
591.25	0.0062036
591.50	0.0078132
591.75	0.0072767
592.00	0.0062148
592.25	0.0056559
592.50	0.0054771
592.75	0.0037110
593.00	0.0043146
593.25	0.0049405
593.50	0.0057565
593.75	0.0039234
594.00	0.0055218
594.25	0.0036775
594.50	0.0046387
594.75	0.0030739
595.00	0.0053318
595.25	0.0034204
595.50	0.0043034
595.75	0.0047840
596.00	0.0059912
596.25	0.0022467
596.50	0.0029956
596.75	0.0040687
597.00	0.0043817
597.25	0.0018890
597.50	0.0022467
597.75	0.0049741
598.00	0.0012519
598.25	0.0027162
598.50	0.0028391
598.75	0.0039569
599.00	0.0034092
599.25	1.1178e-05
599.50	0.0017549
599.75	0.0013637
600.00	0.0020679
600.25	0.0027162
600.50	0.0045381
600.75	0.0047729
601.00	0.0015872
601.25	0.0030627
601.50	0.00011178
601.75	0.0019337
602.00	0.0033086
602.25	0.0017437
602.50	0.0030962
602.75	0.0036886
603.00	0.0026603
603.25	0.0010619
603.50	0.0022020
603.75	0.0015202
604.00	0.0038339
604.25	-0.00077126
604.50	0.0027721
604.75	-0.00089421
605.00	0.0042699
605.25	0.0018220
605.50	0.0043705
605.75	0.0021126
606.00	0.00021238
606.25	0.0016990
606.50	0.0035657
606.75	0.0022579
607.00	0.0015202
607.25	0.0012519
607.50	0.0012743
607.75	0.0034092
608.00	0.0012519
608.25	0.0015202
608.50	0.00017884
608.75	0.0011066
609.00	0.0037445
609.25	0.0014307
609.50	0.00087186
609.75	0.0024256
610.00	0.0028280
610.25	0.0032303
610.50	0.0018555
610.75	0.0014419
611.00	0.0027944
611.25	-0.00012295
611.50	0.0021014
611.75	-0.00023473
612.00	0.0027832
612.25	0.0013078
612.50	0.0011289
612.75	0.00027944
613.00	-0.00026826
613.25	0.0037669
613.50	0.0011737
613.75	0.0040799
614.00	0.00089421
614.25	0.0023361
614.50	0.0022020
614.75	0.0017214
615.00	0.0010507
615.25	0.00019002
615.50	0.0025262
615.75	0.0019785
616.00	0.0025038
616.25	0.0037110
616.50	0.0035321
616.75	0.0014196
617.00	-0.0011178
617.25	0.0019337
617.50	0.00073773
617.75	0.00038004
618.00	0.0029621
618.25	0.00055888
618.50	0.0016767
618.75	0.0029733
619.00	0.00081597
619.25	0.0017996
619.50	0.0039234
619.75	0.0024703
620.00	0.0015425
620.25	0.0015984
620.50	-0.00039122
620.75	0.0022691
621.00	0.0015090
621.25	0.0018108
621.50	0.0019226
621.75	0.0023808
622.00	0.00063713
622.25	0.0013637
622.50	0.0018108
622.75	0.0030739
623.00	0.0033421
623.25	-0.0022132
623.50	-0.0020008
623.75	-0.0012295
624.00	0.00050300
624.25	-0.00064831
624.50	0.00082715
624.75	0.0027721
625.00	0.0041246
625.25	0.00033533
625.50	0.0017884
625.75	0.0020679
626.00	0.0023361
626.25	0.00090539
626.50	0.0033645
626.75	0.00055888
627.00	0.0041693
627.25	0.0031633
627.50	-0.00042475
627.75	0.0025485
628.00	0.00043593
628.25	0.00069302
628.50	0.0030403
628.75	0.0022244
629.00	-3.3533e-05
629.25	0.0026491
629.50	0.0013190
629.75	0.0021461
630.00	0.0027274
630.25	-0.0010395
630.50	0.0020567
630.75	0.00070419
631.00	0.0024256
631.25	0.0037781
631.50	0.0015090
631.75	3.3535e-05
632.00	-0.00098364
632.25	0.0023361
632.50	0.0016096
632.75	0.00099482
633.00	0.0021126
633.25	0.00019002
633.50	0.00019002
633.75	-0.00015649
634.00	0.0023250
634.25	0.0013749
634.50	-0.00054771
634.75	0.0023473
635.00	-0.00060359
635.25	0.0017102
635.50	-0.00013413
635.75	0.0038228
636.00	0.0021349
636.25	-0.0013413
636.50	0.00083833
636.75	-0.00039122
637.00	0.0038116
637.25	0.0020232
637.50	0.0028950
637.75	0.0036104
638.00	-3.3533e-05
638.25	-0.00062595
638.50	-0.00022355
638.75	0.0024144
639.00	0.0024926
639.25	-0.00035768
639.50	5.5889e-05
639.75	0.0018443
640.00	0.0026379
640.25	0.0047282
640.50	0.0048623
640.75	0.0033086
641.00	-0.00054771
641.25	0.0031186
641.50	-0.00035768
641.75	0.00020120
642.00	0.0019114
642.25	0.0030627
642.50	0.0041134
642.75	0.0013190
643.00	-0.00025709
643.25	0.0017661
643.50	0.0030739
643.75	0.0011513
644.00	-0.00019002
644.25	0.0010283
644.50	0.0018443
644.75	0.00095010
645.00	0.0018220
645.25	0.0012407
645.50	-0.00012295
645.75	0.0010731
646.00	0.00010060
646.25	0.0036998
646.50	0.0014307
646.75	0.0020455
647.00	-0.00063713
647.25	0.0016543
647.50	0.0017437
647.75	-0.00032415
648.00	-0.00036886
648.25	0.0015761
648.50	0.0033309
648.75	0.0011178
649.00	0.0026491
649.25	0.00030180
649.50	-0.00082715
649.75	0.00015649
650.00	-1.1176e-05
650.25	0.0018667
650.50	-0.00029062
650.75	-0.00027944
651.00	-0.0017661
651.25	-2.2355e-05
651.50	-0.00035768
651.75	0.00071537
652.00	0.0022579
652.25	-0.0017214
652.50	-7.8244e-05
652.75	0.00025709
653.00	0.0024591
653.25	0.0025262
653.50	0.00060360
653.75	-2.2355e-05
654.00	0.0022020
654.25	0.00054771
654.50	0.0035321
654.75	0.0011848
655.00	-0.0014643
655.25	0.00029062
655.50	0.0024479
655.75	-0.0023361
656.00	0.0013190
656.25	-0.00050300
656.50	0.00062595
656.75	0.0019785
657.00	0.0036775
657.25	0.00077126
657.50	0.0046499
657.75	0.0014419
658.00	0.0010619
658.25	0.0020232
658.50	0.0040016
658.75	-0.00052535
659.00	-0.00029062
659.25	-0.00033533
659.50	0.00016767
659.75	-0.00062595
660.00	-0.00093892
660.25	0.0012854
660.50	-0.00013413
660.75	0.0023361
661.00	0.0014196
661.25	-0.00061477
661.50	0.0021238
661.75	0.00091657
662.00	0.0026379
662.25	0.0020008
662.50	-0.0013749
662.75	0.0023473
663.00	0.00081597
663.25	-0.00070419
663.50	0.0019226
663.75	0.0016431
664.00	-0.00011178
664.25	0.00061477
664.50	0.0016990
664.75	0.00080479
665.00	-0.0010842
665.25	0.0014307
665.50	0.0031298
665.75	0.00048064
666.00	0.0037445
666.25	-0.0017102
666.50	0.00032415
666.75	0.0027497
667.00	0.0012407
667.25	0.0030627
667.50	0.0017773
667.75	0.0010507
668.00	0.0016878
668.25	0.0012854
668.50	0.0023026
668.75	-0.0011625
669.00	0.00031298
669.25	-0.0017325
669.50	-0.00072655
669.75	0.0015090
670.00	-0.00077126
670.25	-7.8244e-05
670.50	0.0031633
670.75	-0.0021796
671.00	-0.0013972
671.25	0.0047840
671.50	7.8244e-05
671.75	0.0019449
672.00	-0.0016319
672.25	-0.0017437
672.50	0.0022691
672.75	0.0022914
673.00	0.0024703
673.25	0.0012072
673.50	0.0016431
673.75	0.00073773
674.00	6.7067e-05
674.25	0.00087186
674.50	-0.0023920
674.75	-0.00016766
675.00	-0.0013078
675.25	0.0027162
675.50	-0.0015984
675.75	-0.00022355
676.00	-0.0010395
676.25	0.00051417
676.50	0.00019002
676.75	0.00012295
677.00	-0.00069302
677.25	0.0015090
677.50	0.00096128
677.75	0.0012295
678.00	0.0010619
678.25	-0.00057006
678.50	0.0015090
678.75	0.0015425
679.00	-0.00087186
679.25	-0.00082715
679.50	-0.0010731
679.75	0.0010731
680.00	-0.00051417
680.25	0.00013413
680.50	0.0030292
680.75	0.0022579
681.00	0.0010842
681.25	-0.00046946
681.50	-0.0016319
681.75	-0.00049182
682.00	0.0020120
682.25	0.0015425
682.50	0.0012295
682.75	0.00067066
683.00	-0.0013301
683.25	0.0020232
683.50	0.0019114
683.75	0.0022020
684.00	0.00059242
684.25	-0.0024703
684.50	0.0011178
684.75	0.00091657
685.00	-0.00020120
685.25	-0.00097246
685.50	0.00055888
685.75	0.0013525
686.00	-0.0016990
686.25	0.00043593
686.50	0.0020008
686.75	0.00091657
687.00	0.0016431
687.25	-8.9420e-05
687.50	0.00069302
687.75	0.0019785
688.00	0.00026826
688.25	0.00071537
688.50	3.3535e-05
688.75	0.00030180
689.00	-0.00099481
689.25	0.0026156
689.50	0.0015872
689.75	0.0031409
690.00	-0.0019002
690.25	0.00074891
690.50	-3.3533e-05
690.75	0.0023697
691.00	-0.00033533
691.25	0.0032751
691.50	-0.00068184
691.75	-0.00091657
692.00	0.0011401
692.25	0.0012072
692.50	0.0011066
692.75	-0.0020567
693.00	0.0020455
693.25	0.0019449
693.50	1.1178e-05
693.75	-0.00048064
694.00	-0.00065948
694.25	-0.0023585
694.50	0.0018331
694.75	-0.00081597
695.00	0.00011178
695.25	0.0026938
695.50	-0.00033533
695.75	0.00055888
696.00	0.0051194
696.25	0.0020567
696.50	-0.00049182
696.75	-0.0016878
697.00	5.5889e-05
697.25	-0.0021461
697.50	-0.00035768
697.75	0.0037445
698.00	5.5889e-05
698.25	0.0016319
698.50	0.0019002
698.75	0.0017437
699.00	-0.0014196
699.25	-0.0014307
699.50	0.0027050
699.75	0.0015425
700.00	-0.0017214
