Wavelength (nm)	Q15 abs N
300.00	0.0089302
300.25	0.014126
300.50	0.0068798
300.75	0.014532
301.00	0.0084992
301.25	0.0030505
301.50	0.0084878
301.75	0.0079192
302.00	0.0058791
302.25	0.0066204
302.50	0.010513
302.75	0.0080196
303.00	0.010282
303.25	0.0020112
303.50	0.0061762
303.75	0.0028677
304.00	0.0055535
304.25	0.0032609
304.50	0.0096908
304.75	0.0052560
305.00	0.010280
305.25	0.0053271
305.50	0.0011835
305.75	0.0066835
306.00	0.0024072
306.25	0.0049204
306.50	0.0063352
306.75	0.0090997
307.00	0.011748
307.25	0.0038738
307.50	0.0021122
307.75	0.0092670
308.00	0.0041528
308.25	0.0023282
308.50	0.0015798
308.75	0.0056036
309.00	0.0038890
309.25	0.00040268
309.50	0.0065436
309.75	0.0044761
310.00	0.0091699
310.25	0.0027162
310.50	9.3167e-05
310.75	0.0022396
311.00	0.0014698
311.25	0.0010054
311.50	0.0043633
311.75	0.0014808
312.00	0.0056538
312.25	0.0014987
312.50	0.0011731
312.75	0.0024572
313.00	0.0027949
313.25	0.0044534
313.50	0.0040337
313.75	0.0064628
314.00	0.0010594
314.25	0.0050881
314.50	0.0048210
314.75	0.00082971
315.00	0.0014395
315.25	0.0021121
315.50	0.0069557
315.75	0.0024469
316.00	0.00098005
316.25	0.00093415
316.50	0.0035071
316.75	0.0066503
317.00	0.0041741
317.25	0.010069
317.50	0.0040609
317.75	0.0016855
318.00	0.0024576
318.25	0.0017880
318.50	0.0069565
318.75	0.0085894
319.00	0.0028177
319.25	0.0061916
319.50	0.0040689
319.75	0.0082136
320.00	0.0091589
320.25	0.0068500
320.50	0.0069576
320.75	0.0037571
321.00	0.0014538
321.25	0.012762
321.50	0.0041448
321.75	0.0079240
322.00	0.0060346
322.25	0.0055255
322.50	0.0027319
322.75	0.0068493
323.00	0.013122
323.25	0.00041680
323.50	0.010611
323.75	0.0069387
324.00	0.0081620
324.25	0.014400
324.50	0.014312
324.75	0.0090415
325.00	0.0087373
325.25	0.012953
325.50	0.0083495
325.75	0.010598
326.00	0.016467
326.25	0.015174
326.50	0.014904
326.75	0.013828
327.00	0.013662
327.25	0.016200
327.50	0.0081509
327.75	0.010403
328.00	0.019999
328.25	0.014558
328.50	0.020312
328.75	0.019097
329.00	0.020916
329.25	0.013426
329.50	0.017515
329.75	0.010904
330.00	0.013959
330.25	0.0099758
330.50	0.022719
330.75	0.019002
331.00	0.018178
331.25	0.017619
331.50	0.026587
331.75	0.022468
332.00	0.018376
332.25	0.020820
332.50	0.019297
332.75	0.029871
333.00	0.025823
333.25	0.024330
333.50	0.028200
333.75	0.027899
334.00	0.022249
334.25	0.028594
334.50	0.019624
334.75	0.028937
335.00	0.020519
335.25	0.028725
335.50	0.038117
335.75	0.037761
336.00	0.032374
336.25	0.032025
336.50	0.030828
336.75	0.032179
337.00	0.041005
337.25	0.040950
337.50	0.038204
337.75	0.032799
338.00	0.036118
338.25	0.037650
338.50	0.031269
338.75	0.039846
339.00	0.045702
339.25	0.045865
339.50	0.038229
339.75	0.040110
340.00	0.045459
340.25	0.050908
340.50	0.043179
340.75	0.051285
341.00	0.051457
341.25	0.051682
341.50	0.050400
341.75	0.051599
342.00	0.057887
342.25	0.052040
342.50	0.052639
342.75	0.053305
343.00	0.053054
343.25	0.059079
343.50	0.058878
343.75	0.063929
344.00	0.063301
344.25	0.068117
344.50	0.062488
344.75	0.058359
345.00	0.065030
345.25	0.064145
345.50	0.072074
345.75	0.064502
346.00	0.075015
346.25	0.070894
346.50	0.068277
346.75	0.070895
347.00	0.067728
347.25	0.073222
347.50	0.070599
347.75	0.073914
348.00	0.074607
348.25	0.073965
348.50	0.076770
348.75	0.077900
349.00	0.079845
349.25	0.081813
349.50	0.078062
349.75	0.081108
350.00	0.089832
350.25	0.088486
350.50	0.085376
350.75	0.084692
351.00	0.084593
351.25	0.083647
351.50	0.088589
351.75	0.092187
352.00	0.089968
352.25	0.081424
352.50	0.086066
352.75	0.093185
353.00	0.088352
353.25	0.10245
353.50	0.097172
353.75	0.096867
354.00	0.099855
354.25	0.10710
354.50	0.10614
354.75	0.094400
355.00	0.095438
355.25	0.10154
355.50	0.10069
355.75	0.10393
356.00	0.098169
356.25	0.095540
356.50	0.10436
356.75	0.11155
357.00	0.10436
357.25	0.10758
357.50	0.11144
357.75	0.10735
358.00	0.11372
358.25	0.10577
358.50	0.10717
358.75	0.11617
359.00	0.11348
359.25	0.11405
359.50	0.10832
359.75	0.11144
360.00	0.11392
360.25	0.11081
360.50	0.11654
360.75	0.12498
361.00	0.11284
361.25	0.11422
361.50	0.12317
361.75	0.11458
362.00	0.12755
362.25	0.12318
362.50	0.12092
362.75	0.12467
363.00	0.12073
363.25	0.12352
363.50	0.12792
363.75	0.12357
364.00	0.12415
364.25	0.12391
364.50	0.13205
364.75	0.12849
365.00	0.12764
365.25	0.13216
365.50	0.12970
365.75	0.13358
366.00	0.13178
366.25	0.13340
366.50	0.13433
366.75	0.13100
367.00	0.13572
367.25	0.13443
367.50	0.13429
367.75	0.13753
368.00	0.13823
368.25	0.13731
368.50	0.14170
368.75	0.14056
369.00	0.14279
369.25	0.14376
369.50	0.14374
369.75	0.14173
370.00	0.14237
370.25	0.14407
370.50	0.14485
370.75	0.14768
371.00	0.14838
371.25	0.14679
371.50	0.14726
371.75	0.15077
372.00	0.15119
372.25	0.15164
372.50	0.14977
372.75	0.15294
373.00	0.14765
373.25	0.15279
373.50	0.14946
373.75	0.15209
374.00	0.15162
374.25	0.15273
374.50	0.15524
374.75	0.15408
375.00	0.15473
375.25	0.15625
375.50	0.15697
375.75	0.15644
376.00	0.15896
376.25	0.15618
376.50	0.15472
376.75	0.16055
377.00	0.15960
377.25	0.16035
377.50	0.16358
377.75	0.16259
378.00	0.16147
378.25	0.16473
378.50	0.16466
378.75	0.16445
379.00	0.16770
379.25	0.16903
379.50	0.16785
379.75	0.16911
380.00	0.17176
380.25	0.17282
380.50	0.17229
380.75	0.17143
381.00	0.17408
381.25	0.17629
381.50	0.17392
381.75	0.17547
382.00	0.17933
382.25	0.18125
382.50	0.18241
382.75	0.18375
383.00	0.18240
383.25	0.18395
383.50	0.18646
383.75	0.18536
384.00	0.19288
384.25	0.19079
384.50	0.19274
384.75	0.19030
385.00	0.19392
385.25	0.20183
385.50	0.19825
385.75	0.20150
386.00	0.20158
386.25	0.20446
386.50	0.20707
386.75	0.20677
387.00	0.21060
387.25	0.21432
387.50	0.21513
387.75	0.21463
388.00	0.21783
388.25	0.22147
388.50	0.22114
388.75	0.22834
389.00	0.22998
389.25	0.23182
389.50	0.23706
389.75	0.23576
390.00	0.23804
390.25	0.24303
390.50	0.24357
390.75	0.24817
391.00	0.25058
391.25	0.25595
391.50	0.25950
391.75	0.26330
392.00	0.26758
392.25	0.27080
392.50	0.27615
392.75	0.28158
393.00	0.28517
393.25	0.28907
393.50	0.29527
393.75	0.29892
394.00	0.30284
394.25	0.30819
394.50	0.31219
394.75	0.31912
395.00	0.32107
395.25	0.32589
395.50	0.32922
395.75	0.33621
396.00	0.33797
396.25	0.34278
396.50	0.34918
396.75	0.35437
397.00	0.35830
397.25	0.36520
397.50	0.36556
397.75	0.37111
398.00	0.37596
398.25	0.37894
398.50	0.38406
398.75	0.38760
399.00	0.39113
399.25	0.39649
399.50	0.39789
399.75	0.40413
400.00	0.40788
400.25	0.41146
400.50	0.41704
400.75	0.42174
401.00	0.42187
401.25	0.43157
401.50	0.43467
401.75	0.43717
402.00	0.44395
402.25	0.44816
402.50	0.45338
402.75	0.45392
403.00	0.45940
403.25	0.46291
403.50	0.46991
403.75	0.47620
404.00	0.47972
404.25	0.48652
404.50	0.49245
404.75	0.49807
405.00	0.49873
405.25	0.51065
405.50	0.51304
405.75	0.51692
406.00	0.52633
406.25	0.52950
406.50	0.54081
406.75	0.54676
407.00	0.55161
407.25	0.55877
407.50	0.56383
407.75	0.57502
408.00	0.58322
408.25	0.58782
408.50	0.59835
408.75	0.61058
409.00	0.61618
409.25	0.62421
409.50	0.63358
409.75	0.64332
410.00	0.65498
410.25	0.66051
410.50	0.67275
410.75	0.68100
411.00	0.69351
411.25	0.70309
411.50	0.71269
411.75	0.71998
412.00	0.72449
412.25	0.73108
412.50	0.74133
412.75	0.75328
413.00	0.76136
413.25	0.77220
413.50	0.78223
413.75	0.78871
414.00	0.80458
414.25	0.81612
414.50	0.82993
414.75	0.83915
415.00	0.84946
415.25	0.85737
415.50	0.87397
415.75	0.87823
416.00	0.89187
416.25	0.90181
416.50	0.90993
416.75	0.92383
417.00	0.93204
417.25	0.94354
417.50	0.94503
417.75	0.95388
418.00	0.96047
418.25	0.96203
418.50	0.97162
418.75	0.97984
419.00	0.98786
419.25	0.99015
419.50	0.98923
419.75	0.99434
420.00	0.98921
420.25	0.99368
420.50	0.99591
420.75	1.0000
421.00	0.99810
421.25	0.99163
421.50	0.99089
421.75	0.98654
422.00	0.98401
422.25	0.98167
422.50	0.97875
422.75	0.97087
423.00	0.96440
423.25	0.95616
423.50	0.94532
423.75	0.93403
424.00	0.93042
424.25	0.91954
424.50	0.90930
424.75	0.89985
425.00	0.88937
425.25	0.87921
425.50	0.86978
425.75	0.85413
426.00	0.84546
426.25	0.83548
426.50	0.81952
426.75	0.80642
427.00	0.79414
427.25	0.78098
427.50	0.76452
427.75	0.75053
428.00	0.73761
428.25	0.72593
428.50	0.71001
428.75	0.69608
429.00	0.68279
429.25	0.66555
429.50	0.65085
429.75	0.63526
430.00	0.62360
430.25	0.60922
430.50	0.59315
430.75	0.58073
431.00	0.56779
431.25	0.55412
431.50	0.53953
431.75	0.52296
432.00	0.50770
432.25	0.49111
432.50	0.47497
432.75	0.45944
433.00	0.44641
433.25	0.43620
433.50	0.41939
433.75	0.40677
434.00	0.39276
434.25	0.38184
434.50	0.37126
434.75	0.35888
435.00	0.35093
435.25	0.34033
435.50	0.32884
435.75	0.31937
436.00	0.31064
436.25	0.30073
436.50	0.29485
436.75	0.28280
437.00	0.27856
437.25	0.26978
437.50	0.25954
437.75	0.25372
438.00	0.24930
438.25	0.23961
438.50	0.23498
438.75	0.22945
439.00	0.22342
439.25	0.21504
439.50	0.21037
439.75	0.20419
440.00	0.19960
440.25	0.19249
440.50	0.18811
440.75	0.18357
441.00	0.17996
441.25	0.17481
441.50	0.16895
441.75	0.16589
442.00	0.15994
442.25	0.15668
442.50	0.15322
442.75	0.14780
443.00	0.14454
443.25	0.14042
443.50	0.13462
443.75	0.13357
444.00	0.12937
444.25	0.12709
444.50	0.12443
444.75	0.12009
445.00	0.11812
445.25	0.11744
445.50	0.11215
445.75	0.10986
446.00	0.10638
446.25	0.10243
446.50	0.10185
446.75	0.098647
447.00	0.096559
447.25	0.094199
447.50	0.092497
447.75	0.089232
448.00	0.089508
448.25	0.087846
448.50	0.083736
448.75	0.081792
449.00	0.081188
449.25	0.078268
449.50	0.076940
449.75	0.074984
450.00	0.071569
450.25	0.071506
450.50	0.070291
450.75	0.068528
451.00	0.067653
451.25	0.065097
451.50	0.064897
451.75	0.063438
452.00	0.063345
452.25	0.061728
452.50	0.060958
452.75	0.060395
453.00	0.057827
453.25	0.057024
453.50	0.056989
453.75	0.054601
454.00	0.054043
454.25	0.053163
454.50	0.050294
454.75	0.049953
455.00	0.050738
455.25	0.049319
455.50	0.047545
455.75	0.046709
456.00	0.046544
456.25	0.044723
456.50	0.042452
456.75	0.042094
457.00	0.041955
457.25	0.041219
457.50	0.040539
457.75	0.039907
458.00	0.039005
458.25	0.037665
458.50	0.037844
458.75	0.036744
459.00	0.035602
459.25	0.034434
459.50	0.034933
459.75	0.033726
460.00	0.035039
460.25	0.033285
460.50	0.031430
460.75	0.031649
461.00	0.032162
461.25	0.031525
461.50	0.030557
461.75	0.029775
462.00	0.028128
462.25	0.028906
462.50	0.029191
462.75	0.028026
463.00	0.027755
463.25	0.026249
463.50	0.027251
463.75	0.025783
464.00	0.026234
464.25	0.026125
464.50	0.026546
464.75	0.025094
465.00	0.025957
465.25	0.024800
465.50	0.025028
465.75	0.024353
466.00	0.023317
466.25	0.023180
466.50	0.021189
466.75	0.023978
467.00	0.021526
467.25	0.021904
467.50	0.022087
467.75	0.022023
468.00	0.021492
468.25	0.021437
468.50	0.021204
468.75	0.021828
469.00	0.021099
469.25	0.020718
469.50	0.019220
469.75	0.019095
470.00	0.020352
470.25	0.018968
470.50	0.019459
470.75	0.019047
471.00	0.021054
471.25	0.019876
471.50	0.018512
471.75	0.018361
472.00	0.018331
472.25	0.020002
472.50	0.019259
472.75	0.018370
473.00	0.019242
473.25	0.019836
473.50	0.018594
473.75	0.018904
474.00	0.018458
474.25	0.018744
474.50	0.019482
474.75	0.018102
475.00	0.018328
475.25	0.017628
475.50	0.018099
475.75	0.017631
476.00	0.019278
476.25	0.018470
476.50	0.017243
476.75	0.018715
477.00	0.017616
477.25	0.017565
477.50	0.017302
477.75	0.018837
478.00	0.017307
478.25	0.017759
478.50	0.017219
478.75	0.018509
479.00	0.018889
479.25	0.016936
479.50	0.016130
479.75	0.016616
480.00	0.017176
480.25	0.016511
480.50	0.016760
480.75	0.016735
481.00	0.018020
481.25	0.017538
481.50	0.016188
481.75	0.015614
482.00	0.017476
482.25	0.017450
482.50	0.015622
482.75	0.016399
483.00	0.016068
483.25	0.014704
483.50	0.016548
483.75	0.016097
484.00	0.017150
484.25	0.015381
484.50	0.015532
484.75	0.016689
485.00	0.016874
485.25	0.015411
485.50	0.016637
485.75	0.015281
486.00	0.016734
486.25	0.015363
486.50	0.016559
486.75	0.015546
487.00	0.016755
487.25	0.016801
487.50	0.015290
487.75	0.015774
488.00	0.014764
488.25	0.015062
488.50	0.015523
488.75	0.016069
489.00	0.014313
489.25	0.013791
489.50	0.015669
489.75	0.015765
490.00	0.015016
490.25	0.015489
490.50	0.015008
490.75	0.016107
491.00	0.014185
491.25	0.015778
491.50	0.015722
491.75	0.017044
492.00	0.015308
492.25	0.015203
492.50	0.015938
492.75	0.015717
493.00	0.016707
493.25	0.017146
493.50	0.015915
493.75	0.016782
494.00	0.018515
494.25	0.017633
494.50	0.019207
494.75	0.020026
495.00	0.021419
495.25	0.019435
495.50	0.019927
495.75	0.021572
496.00	0.023028
496.25	0.023150
496.50	0.022894
496.75	0.023505
497.00	0.024166
497.25	0.025341
497.50	0.025410
497.75	0.025240
498.00	0.027895
498.25	0.027763
498.50	0.027528
498.75	0.030214
499.00	0.029638
499.25	0.030634
499.50	0.031206
499.75	0.032795
500.00	0.035277
500.25	0.033612
500.50	0.035448
500.75	0.038114
501.00	0.037660
501.25	0.037124
501.50	0.039951
501.75	0.040813
502.00	0.040511
502.25	0.041161
502.50	0.041703
502.75	0.044907
503.00	0.045271
503.25	0.045275
503.50	0.047311
503.75	0.048779
504.00	0.049266
504.25	0.049021
504.50	0.050240
504.75	0.051967
505.00	0.052662
505.25	0.054647
505.50	0.055531
505.75	0.058404
506.00	0.058115
506.25	0.058755
506.50	0.058073
506.75	0.060089
507.00	0.061409
507.25	0.063092
507.50	0.062876
507.75	0.065831
508.00	0.067277
508.25	0.066945
508.50	0.067860
508.75	0.070242
509.00	0.069574
509.25	0.069735
509.50	0.072630
509.75	0.073987
510.00	0.073251
510.25	0.075898
510.50	0.075126
510.75	0.075273
511.00	0.077840
511.25	0.079607
511.50	0.078423
511.75	0.078537
512.00	0.079874
512.25	0.080774
512.50	0.080786
512.75	0.080764
513.00	0.080919
513.25	0.080950
513.50	0.080929
513.75	0.080278
514.00	0.079787
514.25	0.080738
514.50	0.081011
514.75	0.081668
515.00	0.081465
515.25	0.081334
515.50	0.079607
515.75	0.078902
516.00	0.079407
516.25	0.077032
516.50	0.078356
516.75	0.076509
517.00	0.076802
517.25	0.075872
517.50	0.076218
517.75	0.073908
518.00	0.073997
518.25	0.072965
518.50	0.071391
518.75	0.071016
519.00	0.070771
519.25	0.069042
519.50	0.065931
519.75	0.065238
520.00	0.065158
520.25	0.062396
520.50	0.062975
520.75	0.061931
521.00	0.058584
521.25	0.058996
521.50	0.057180
521.75	0.056631
522.00	0.055342
522.25	0.054245
522.50	0.053939
522.75	0.051965
523.00	0.052697
523.25	0.050934
523.50	0.049380
523.75	0.047245
524.00	0.047052
524.25	0.045751
524.50	0.043650
524.75	0.041187
525.00	0.041514
525.25	0.040137
525.50	0.038876
525.75	0.039764
526.00	0.037054
526.25	0.034986
526.50	0.034402
526.75	0.033679
527.00	0.033638
527.25	0.030943
527.50	0.030033
527.75	0.030181
528.00	0.030648
528.25	0.028835
528.50	0.026354
528.75	0.027735
529.00	0.025553
529.25	0.025873
529.50	0.026205
529.75	0.024495
530.00	0.024333
530.25	0.022227
530.50	0.022824
530.75	0.020774
531.00	0.019245
531.25	0.021047
531.50	0.019848
531.75	0.019218
532.00	0.019540
532.25	0.020721
532.50	0.018532
532.75	0.016734
533.00	0.017858
533.25	0.017439
533.50	0.015671
533.75	0.017653
534.00	0.015708
534.25	0.016096
534.50	0.014605
534.75	0.015054
535.00	0.016025
535.25	0.014844
535.50	0.016218
535.75	0.014249
536.00	0.015648
536.25	0.014793
536.50	0.015343
536.75	0.015562
537.00	0.013760
537.25	0.013985
537.50	0.015758
537.75	0.014533
538.00	0.015353
538.25	0.015830
538.50	0.014859
538.75	0.015480
539.00	0.016857
539.25	0.016264
539.50	0.013935
539.75	0.016066
540.00	0.016216
540.25	0.017567
540.50	0.016681
540.75	0.016187
541.00	0.017461
541.25	0.017731
541.50	0.015624
541.75	0.018492
542.00	0.018098
542.25	0.018326
542.50	0.018884
542.75	0.018206
543.00	0.017392
543.25	0.020450
543.50	0.020073
543.75	0.020903
544.00	0.019504
544.25	0.019684
544.50	0.020588
544.75	0.021008
545.00	0.020334
545.25	0.020418
545.50	0.021768
545.75	0.020948
546.00	0.020430
546.25	0.021425
546.50	0.022184
546.75	0.020640
547.00	0.021912
547.25	0.021843
547.50	0.022043
547.75	0.021854
548.00	0.021440
548.25	0.022378
548.50	0.021863
548.75	0.022508
549.00	0.020989
549.25	0.021646
549.50	0.021211
549.75	0.021577
550.00	0.021330
550.25	0.021559
550.50	0.022489
550.75	0.021303
551.00	0.020588
551.25	0.021229
551.50	0.020386
551.75	0.020556
552.00	0.019692
552.25	0.019600
552.50	0.019467
552.75	0.020988
553.00	0.018765
553.25	0.018506
553.50	0.018533
553.75	0.016861
554.00	0.017841
554.25	0.016744
554.50	0.017513
554.75	0.016697
555.00	0.015416
555.25	0.016725
555.50	0.017659
555.75	0.014553
556.00	0.015002
556.25	0.014518
556.50	0.013508
556.75	0.014749
557.00	0.013149
557.25	0.013594
557.50	0.013506
557.75	0.012968
558.00	0.010986
558.25	0.011888
558.50	0.010986
558.75	0.011297
559.00	0.010843
559.25	0.010914
559.50	0.010448
559.75	0.010918
560.00	0.010765
560.25	0.010662
560.50	0.0094948
560.75	0.010231
561.00	0.0098197
561.25	0.0077490
561.50	0.0091796
561.75	0.0077570
562.00	0.0083564
562.25	0.0072879
562.50	0.0080671
562.75	0.0085992
563.00	0.0071131
563.25	0.0066505
563.50	0.0066030
563.75	0.0071185
564.00	0.0063423
564.25	0.0076334
564.50	0.0079143
564.75	0.0057367
565.00	0.0077823
565.25	0.0064773
565.50	0.0066056
565.75	0.0060277
566.00	0.0062505
566.25	0.0053684
566.50	0.0060017
566.75	0.0053854
567.00	0.0069014
567.25	0.0072140
567.50	0.0063943
567.75	0.0051289
568.00	0.0055461
568.25	0.0060869
568.50	0.0066652
568.75	0.0053801
569.00	0.0049794
569.25	0.0058617
569.50	0.0067464
569.75	0.0060281
570.00	0.0063099
570.25	0.0070349
570.50	0.0047762
570.75	0.0057889
571.00	0.0064709
571.25	0.0058580
571.50	0.0071209
571.75	0.0074533
572.00	0.0066831
572.25	0.0068324
572.50	0.0076511
572.75	0.0071999
573.00	0.0080192
573.25	0.0071168
573.50	0.0061478
573.75	0.0078953
574.00	0.0067980
574.25	0.0071895
574.50	0.0082902
574.75	0.0068012
575.00	0.0093233
575.25	0.0091635
575.50	0.0080239
575.75	0.0090048
576.00	0.0084390
576.25	0.0083455
576.50	0.0094311
576.75	0.0097754
577.00	0.0098680
577.25	0.010761
577.50	0.011136
577.75	0.010751
578.00	0.010103
578.25	0.010494
578.50	0.012036
578.75	0.012573
579.00	0.010868
579.25	0.011633
579.50	0.013067
579.75	0.012036
580.00	0.013344
580.25	0.014161
580.50	0.013558
580.75	0.014051
581.00	0.014640
581.25	0.016086
581.50	0.018143
581.75	0.017060
582.00	0.018342
582.25	0.016680
582.50	0.018028
582.75	0.018370
583.00	0.016436
583.25	0.019123
583.50	0.019848
583.75	0.020520
584.00	0.019625
584.25	0.020315
584.50	0.021238
584.75	0.021145
585.00	0.021072
585.25	0.022234
585.50	0.023128
585.75	0.023105
586.00	0.022954
586.25	0.022851
586.50	0.025298
586.75	0.021905
587.00	0.024603
587.25	0.023780
587.50	0.024559
587.75	0.024571
588.00	0.024749
588.25	0.025673
588.50	0.024516
588.75	0.024070
589.00	0.025298
589.25	0.024613
589.50	0.025050
589.75	0.023858
590.00	0.024457
590.25	0.025914
590.50	0.025492
590.75	0.024953
591.00	0.024440
591.25	0.026176
591.50	0.025892
591.75	0.025444
592.00	0.025241
592.25	0.024778
592.50	0.024161
592.75	0.025592
593.00	0.023427
593.25	0.023928
593.50	0.023720
593.75	0.023548
594.00	0.023852
594.25	0.023156
594.50	0.022513
594.75	0.023694
595.00	0.022799
595.25	0.023505
595.50	0.022074
595.75	0.022355
596.00	0.019491
596.25	0.020114
596.50	0.021352
596.75	0.020327
597.00	0.021433
597.25	0.019336
597.50	0.018971
597.75	0.018878
598.00	0.018453
598.25	0.017095
598.50	0.017930
598.75	0.016910
599.00	0.016388
599.25	0.016262
599.50	0.017216
599.75	0.017047
600.00	0.015617
600.25	0.015667
600.50	0.016196
600.75	0.015537
601.00	0.015169
601.25	0.015224
601.50	0.014700
601.75	0.013457
602.00	0.013795
602.25	0.014341
602.50	0.013090
602.75	0.014681
603.00	0.012119
603.25	0.014908
603.50	0.012881
603.75	0.011885
604.00	0.012170
604.25	0.013190
604.50	0.011397
604.75	0.010295
605.00	0.011155
605.25	0.010580
605.50	0.012369
605.75	0.010839
606.00	0.0097753
606.25	0.0093035
606.50	0.0093361
606.75	0.0095891
607.00	0.0092440
607.25	0.0093820
607.50	0.0086959
607.75	0.0083194
608.00	0.010031
608.25	0.0074983
608.50	0.0076840
608.75	0.0085358
609.00	0.0081014
609.25	0.0072759
609.50	0.0082583
609.75	0.0077620
610.00	0.0075448
610.25	0.0073511
610.50	0.0073426
610.75	0.0073639
611.00	0.0060887
611.25	0.0060348
611.50	0.0069529
611.75	0.0078967
612.00	0.0080923
612.25	0.0057833
612.50	0.0057551
612.75	0.0054666
613.00	0.0079225
613.25	0.0051341
613.50	0.0065994
613.75	0.0072678
614.00	0.0052300
614.25	0.0063097
614.50	0.0070266
614.75	0.0052718
615.00	0.0073663
615.25	0.0052588
615.50	0.0047597
615.75	0.0043091
616.00	0.0035323
616.25	0.0033147
616.50	0.0025652
616.75	0.0059397
617.00	0.0041386
617.25	0.0044377
617.50	0.0048094
617.75	0.0040357
618.00	0.0028593
618.25	0.0033436
618.50	0.0047224
618.75	0.0034544
619.00	0.0037761
619.25	0.0026237
619.50	0.0030595
619.75	0.0050708
620.00	0.0022928
620.25	0.0041290
620.50	0.0023690
620.75	0.0027531
621.00	0.0029698
621.25	0.0043656
621.50	0.0026454
621.75	0.0046190
622.00	0.0022475
622.25	0.0027605
622.50	0.0023703
622.75	0.0038950
623.00	0.0030779
623.25	0.0026540
623.50	0.0037424
623.75	0.0021776
624.00	0.0032472
624.25	0.0034558
624.50	0.0033501
624.75	0.0046823
625.00	0.0031965
625.25	0.0014901
625.50	0.0038099
625.75	0.0014600
626.00	0.0025583
626.25	0.0029982
626.50	0.0049332
626.75	0.0024659
627.00	0.0033742
627.25	0.0041417
627.50	0.0027025
627.75	0.0018241
628.00	0.0040162
628.25	0.0048063
628.50	0.0039347
628.75	0.0033885
629.00	0.0051575
629.25	0.0032609
629.50	0.0040219
629.75	0.0052678
630.00	0.0025946
630.25	0.0039210
630.50	0.0024934
630.75	0.0028767
631.00	0.0039669
631.25	0.0043196
631.50	0.0048741
631.75	0.0041940
632.00	0.0050385
632.25	0.0060129
632.50	0.0037876
632.75	0.0040973
633.00	0.0059677
633.25	0.0069271
633.50	0.0044570
633.75	0.0065368
634.00	0.0049988
634.25	0.0037382
634.50	0.0046984
634.75	0.0055427
635.00	0.0058515
635.25	0.0053509
635.50	0.0035390
635.75	0.0070599
636.00	0.0062230
636.25	0.0082996
636.50	0.0056283
636.75	0.0061614
637.00	0.0059297
637.25	0.0075441
637.50	0.0076314
637.75	0.0075317
638.00	0.0072937
638.25	0.0069705
638.50	0.0065791
638.75	0.0091153
639.00	0.0082853
639.25	0.0076946
639.50	0.0092728
639.75	0.0098448
640.00	0.0086840
640.25	0.010025
640.50	0.0097175
640.75	0.0079811
641.00	0.010706
641.25	0.010860
641.50	0.0095871
641.75	0.0080923
642.00	0.012940
642.25	0.010002
642.50	0.010881
642.75	0.0087545
643.00	0.012233
643.25	0.010498
643.50	0.012618
643.75	0.012838
644.00	0.013613
644.25	0.012831
644.50	0.012726
644.75	0.012404
645.00	0.015268
645.25	0.013618
645.50	0.011599
645.75	0.011901
646.00	0.012149
646.25	0.013187
646.50	0.010535
646.75	0.012854
647.00	0.012614
647.25	0.014011
647.50	0.012599
647.75	0.014211
648.00	0.012461
648.25	0.013701
648.50	0.015264
648.75	0.013439
649.00	0.013602
649.25	0.013852
649.50	0.014089
649.75	0.014291
650.00	0.015841
650.25	0.012741
650.50	0.013561
650.75	0.013222
651.00	0.015557
651.25	0.014771
651.50	0.015087
651.75	0.013761
652.00	0.013100
652.25	0.013254
652.50	0.014761
652.75	0.013760
653.00	0.015558
653.25	0.013156
653.50	0.012336
653.75	0.013490
654.00	0.011831
654.25	0.011795
654.50	0.012862
654.75	0.012042
655.00	0.014284
655.25	0.011934
655.50	0.011217
655.75	0.011678
656.00	0.011931
656.25	0.010491
656.50	0.011491
656.75	0.012204
657.00	0.0088564
657.25	0.0098167
657.50	0.0076070
657.75	0.0095517
658.00	0.0086681
658.25	0.0072247
658.50	0.0061534
658.75	0.0081113
659.00	0.0097979
659.25	0.0091316
659.50	0.0056449
659.75	0.0079249
660.00	0.0063696
660.25	0.0059629
660.50	0.0067322
660.75	0.0054285
661.00	0.0060938
661.25	0.0048871
661.50	0.0063515
661.75	0.0046428
662.00	0.0035447
662.25	0.0063790
662.50	0.0041573
662.75	0.0035808
663.00	0.0051842
663.25	0.0051417
663.50	0.0037676
663.75	0.0034991
664.00	0.0047983
664.25	0.0038901
664.50	0.0020061
664.75	0.0053016
665.00	0.0032252
665.25	0.0052789
665.50	0.0045568
665.75	0.0047581
666.00	0.0043190
666.25	0.0035632
666.50	0.0023476
666.75	0.0031228
667.00	0.00076955
667.25	0.0050430
667.50	0.0011618
667.75	0.0015890
668.00	0.0031586
668.25	0.00063586
668.50	0.0029229
668.75	0.0010347
669.00	0.0013383
669.25	0.0025903
669.50	0.0027485
669.75	0.0040443
670.00	0.0019269
670.25	0.0021483
670.50	0.0019358
670.75	0.0020641
671.00	0.0048283
671.25	0.0020455
671.50	0.0043030
671.75	0.0012745
672.00	0.0022022
672.25	0.0018914
672.50	0.0034054
672.75	0.0024100
673.00	0.0023936
673.25	0.0011472
673.50	0.00060448
673.75	0.0010290
674.00	0.00016427
674.25	0.00010071
674.50	0.0014971
674.75	0.00024595
675.00	0.00011151
675.25	0.0021622
675.50	0.0014208
675.75	0.00024774
676.00	0.0031610
676.25	0.0024258
676.50	0.0011620
676.75	0.0015254
677.00	0.00072530
677.25	0.0010855
677.50	0.0016530
677.75	0.0013743
678.00	0.0018987
678.25	0.0028016
678.50	0.00085039
678.75	0.0024741
679.00	0.0029625
679.25	0.0013780
679.50	0.00089914
679.75	0.0024055
680.00	0.0024834
680.25	0.0016463
680.50	0.0017499
680.75	0.00081983
681.00	0.0021573
681.25	0.0037152
681.50	0.0018147
681.75	0.0019589
682.00	0.0045100
682.25	0.0025913
682.50	0.00011060
682.75	0.0023151
683.00	0.0017657
683.25	0.0018950
683.50	0.00012496
683.75	0.0011564
684.00	0.00060239
684.25	0.00011937
684.50	0.0012948
684.75	0.0021387
685.00	0.0029708
685.25	0.00081524
685.50	0.0014964
685.75	0.00063491
686.00	0.0020198
686.25	0.0012576
686.50	0.0024016
686.75	0.0023110
687.00	0.0012915
687.25	0.00096393
687.50	0.0013526
687.75	0.0010047
688.00	0.0018781
688.25	0.0041645
688.50	0.00085387
688.75	0.0022261
689.00	0.0037368
689.25	0.0014583
689.50	0.00091559
689.75	0.0018054
690.00	0.0018546
690.25	0.00095531
690.50	0.0016175
690.75	0.0017551
691.00	0.0012608
691.25	0.0025477
691.50	0.0014193
691.75	0.00020014
692.00	0.00072076
692.25	0.0014767
692.50	0.00072201
692.75	0.0023756
693.00	0.0019172
693.25	0.0028522
693.50	0.00016686
693.75	0.00025344
694.00	0.0012134
694.25	0.0035034
694.50	0.0016328
694.75	0.00063481
695.00	0.0028740
695.25	0.0016667
695.50	0.0012314
695.75	0.0012451
696.00	0.0032199
696.25	0.0022023
696.50	0.0011550
696.75	0.0033676
697.00	0.0010542
697.25	0.00038451
697.50	0.0026454
697.75	0.00095376
698.00	0.0015148
698.25	0.00082627
698.50	0.00052794
698.75	0.0023713
699.00	0.0014106
699.25	0.0019700
699.50	0.0014863
699.75	0.0012826
700.00	0.0013517
