Wavelength (nm)	Q16 abs N
350.00	0.057002
350.25	0.059935
350.50	0.060986
350.75	0.060531
351.00	0.063362
351.25	0.061010
351.50	0.060022
351.75	0.060294
352.00	0.062052
352.25	0.057948
352.50	0.060638
352.75	0.061766
353.00	0.061209
353.25	0.064624
353.50	0.062984
353.75	0.062911
354.00	0.061712
354.25	0.063435
354.50	0.063690
354.75	0.064326
355.00	0.060216
355.25	0.064568
355.50	0.062937
355.75	0.063452
356.00	0.063115
356.25	0.065570
356.50	0.064007
356.75	0.063502
357.00	0.064977
357.25	0.067244
357.50	0.064023
357.75	0.062390
358.00	0.065293
358.25	0.063334
358.50	0.067945
358.75	0.064617
359.00	0.066178
359.25	0.065987
359.50	0.066195
359.75	0.064783
360.00	0.069917
360.25	0.067116
360.50	0.069261
360.75	0.068504
361.00	0.069176
361.25	0.069273
361.50	0.071383
361.75	0.068131
362.00	0.071440
362.25	0.071292
362.50	0.070527
362.75	0.069437
363.00	0.068986
363.25	0.071722
363.50	0.072661
363.75	0.070746
364.00	0.071709
364.25	0.070076
364.50	0.074409
364.75	0.073472
365.00	0.074437
365.25	0.073655
365.50	0.073086
365.75	0.073035
366.00	0.075157
366.25	0.075260
366.50	0.073731
366.75	0.076260
367.00	0.073234
367.25	0.075303
367.50	0.075655
367.75	0.077517
368.00	0.074289
368.25	0.077441
368.50	0.077066
368.75	0.073691
369.00	0.076764
369.25	0.075504
369.50	0.073507
369.75	0.076406
370.00	0.074799
370.25	0.079955
370.50	0.076079
370.75	0.078420
371.00	0.079274
371.25	0.078233
371.50	0.076181
371.75	0.077898
372.00	0.075798
372.25	0.076980
372.50	0.077500
372.75	0.077951
373.00	0.076008
373.25	0.076925
373.50	0.077789
373.75	0.076760
374.00	0.078292
374.25	0.078448
374.50	0.077408
374.75	0.077171
375.00	0.079209
375.25	0.077538
375.50	0.076340
375.75	0.077610
376.00	0.076053
376.25	0.076246
376.50	0.076638
376.75	0.075826
377.00	0.075206
377.25	0.075635
377.50	0.077713
377.75	0.075449
378.00	0.076295
378.25	0.077421
378.50	0.074735
378.75	0.074708
379.00	0.075962
379.25	0.078398
379.50	0.075805
379.75	0.077367
380.00	0.074254
380.25	0.077278
380.50	0.075100
380.75	0.075726
381.00	0.075336
381.25	0.076431
381.50	0.075179
381.75	0.075811
382.00	0.075688
382.25	0.075647
382.50	0.073386
382.75	0.076850
383.00	0.075429
383.25	0.076668
383.50	0.074294
383.75	0.078182
384.00	0.077382
384.25	0.077057
384.50	0.078343
384.75	0.077092
385.00	0.080787
385.25	0.081479
385.50	0.080558
385.75	0.080732
386.00	0.078960
386.25	0.081336
386.50	0.082979
386.75	0.081288
387.00	0.083987
387.25	0.083644
387.50	0.087178
387.75	0.086478
388.00	0.088041
388.25	0.090532
388.50	0.090681
388.75	0.093620
389.00	0.093068
389.25	0.097286
389.50	0.095669
389.75	0.097484
390.00	0.099387
390.25	0.10311
390.50	0.10526
390.75	0.10744
391.00	0.10894
391.25	0.11281
391.50	0.11557
391.75	0.11933
392.00	0.12017
392.25	0.12411
392.50	0.12773
392.75	0.12756
393.00	0.13099
393.25	0.13671
393.50	0.13817
393.75	0.14177
394.00	0.14559
394.25	0.14889
394.50	0.15528
394.75	0.15990
395.00	0.16306
395.25	0.16834
395.50	0.17437
395.75	0.17732
396.00	0.18335
396.25	0.18661
396.50	0.19236
396.75	0.19443
397.00	0.19923
397.25	0.20077
397.50	0.20373
397.75	0.20782
398.00	0.20905
398.25	0.21405
398.50	0.21842
398.75	0.21773
399.00	0.22283
399.25	0.22523
399.50	0.22677
399.75	0.23120
400.00	0.23205
400.25	0.23311
400.50	0.23518
400.75	0.23669
401.00	0.23820
401.25	0.24114
401.50	0.24108
401.75	0.24354
402.00	0.24478
402.25	0.24929
402.50	0.24852
402.75	0.25100
403.00	0.25139
403.25	0.25406
403.50	0.25623
403.75	0.25828
404.00	0.26330
404.25	0.26331
404.50	0.26640
404.75	0.26846
405.00	0.27185
405.25	0.27502
405.50	0.27700
405.75	0.28621
406.00	0.28654
406.25	0.29021
406.50	0.29844
406.75	0.30283
407.00	0.30883
407.25	0.31179
407.50	0.32287
407.75	0.32918
408.00	0.33576
408.25	0.34272
408.50	0.35252
408.75	0.35884
409.00	0.36792
409.25	0.38281
409.50	0.39063
409.75	0.40199
410.00	0.41463
410.25	0.42720
410.50	0.44088
410.75	0.45557
411.00	0.47221
411.25	0.48714
411.50	0.50382
411.75	0.52316
412.00	0.54131
412.25	0.55865
412.50	0.58104
412.75	0.59893
413.00	0.62296
413.25	0.64334
413.50	0.66170
413.75	0.68632
414.00	0.71103
414.25	0.73610
414.50	0.74443
414.75	0.75155
415.00	0.77406
415.25	0.79724
415.50	0.82065
415.75	0.84634
416.00	0.86524
416.25	0.88617
416.50	0.91007
416.75	0.92779
417.00	0.94545
417.25	0.96367
417.50	0.97441
417.75	0.98216
418.00	0.98893
418.25	0.99530
418.50	0.99683
418.75	0.99894
419.00	1.00000
419.25	0.99482
419.50	0.98297
419.75	0.97725
420.00	0.96955
420.25	0.94693
420.50	0.93128
420.75	0.91511
421.00	0.89367
421.25	0.86781
421.50	0.84796
421.75	0.82407
422.00	0.80083
422.25	0.77293
422.50	0.74903
422.75	0.71830
423.00	0.69529
423.25	0.66774
423.50	0.64175
423.75	0.61715
424.00	0.59153
424.25	0.56863
424.50	0.54309
424.75	0.52157
425.00	0.49583
425.25	0.47444
425.50	0.45396
425.75	0.43367
426.00	0.41303
426.25	0.39156
426.50	0.37468
426.75	0.35835
427.00	0.33898
427.25	0.32077
427.50	0.30619
427.75	0.28942
428.00	0.27768
428.25	0.25841
428.50	0.24704
428.75	0.23279
429.00	0.22156
429.25	0.20806
429.50	0.19697
429.75	0.18705
430.00	0.17832
430.25	0.16814
430.50	0.15815
430.75	0.15167
431.00	0.14204
431.25	0.13622
431.50	0.12802
431.75	0.12106
432.00	0.11518
432.25	0.10652
432.50	0.10336
432.75	0.098604
433.00	0.090667
433.25	0.086833
433.50	0.082629
433.75	0.080753
434.00	0.074611
434.25	0.071756
434.50	0.068314
434.75	0.063298
435.00	0.059121
435.25	0.058110
435.50	0.052587
435.75	0.049683
436.00	0.047599
436.25	0.044727
436.50	0.043917
436.75	0.041631
437.00	0.042528
437.25	0.039562
437.50	0.037248
437.75	0.035418
438.00	0.034552
438.25	0.033636
438.50	0.030210
438.75	0.032699
439.00	0.031616
439.25	0.028417
439.50	0.029573
439.75	0.025686
440.00	0.027214
440.25	0.027685
440.50	0.025149
440.75	0.023745
441.00	0.021944
441.25	0.022568
441.50	0.021217
441.75	0.021666
442.00	0.020437
442.25	0.019307
442.50	0.019078
442.75	0.018255
443.00	0.017868
443.25	0.018328
443.50	0.017919
443.75	0.016975
444.00	0.017513
444.25	0.015201
444.50	0.015655
444.75	0.015779
445.00	0.014798
445.25	0.014099
445.50	0.014638
445.75	0.013089
446.00	0.013119
446.25	0.013460
446.50	0.012458
446.75	0.012841
447.00	0.012051
447.25	0.0096455
447.50	0.011844
447.75	0.012770
448.00	0.011678
448.25	0.010525
448.50	0.0097271
448.75	0.010691
449.00	0.0098481
449.25	0.011065
449.50	0.010431
449.75	0.0090650
450.00	0.0091359
450.25	0.0089383
450.50	0.010341
450.75	0.0071126
451.00	0.0089447
451.25	0.0098588
451.50	0.0091548
451.75	0.0076089
452.00	0.0082458
452.25	0.0072417
452.50	0.0077868
452.75	0.0095429
453.00	0.0075082
453.25	0.0075734
453.50	0.0085838
453.75	0.0084692
454.00	0.0075367
454.25	0.0071309
454.50	0.0091416
454.75	0.0076646
455.00	0.0076418
455.25	0.0073740
455.50	0.0079071
455.75	0.0074177
456.00	0.0075317
456.25	0.0083692
456.50	0.0071138
456.75	0.0068619
457.00	0.0066302
457.25	0.0068410
457.50	0.0068473
457.75	0.0062889
458.00	0.0075741
458.25	0.0067979
458.50	0.0067827
458.75	0.0081204
459.00	0.0073284
459.25	0.0070246
459.50	0.0059433
459.75	0.0067359
460.00	0.0065871
460.25	0.0060541
460.50	0.0075063
460.75	0.0067587
461.00	0.0077412
461.25	0.0067232
461.50	0.0078912
461.75	0.0073911
462.00	0.0075956
462.25	0.0055077
462.50	0.0060775
462.75	0.0061826
463.00	0.0073867
463.25	0.0074399
463.50	0.0055508
463.75	0.0068872
464.00	0.0058483
464.25	0.0051956
464.50	0.0063326
464.75	0.0061465
465.00	0.0074101
465.25	0.0057521
465.50	0.0066099
465.75	0.0070796
466.00	0.0059218
466.25	0.0064858
466.50	0.0061009
466.75	0.0065194
467.00	0.0066105
467.25	0.0064643
467.50	0.0069245
467.75	0.0060218
468.00	0.0073766
468.25	0.0070581
468.50	0.0060427
468.75	0.0068650
469.00	0.0075741
469.25	0.0069764
469.50	0.0060041
469.75	0.0053628
470.00	0.0071145
470.25	0.0066656
470.50	0.0064440
470.75	0.0065719
471.00	0.0071866
471.25	0.0071613
471.50	0.0076013
471.75	0.0071898
472.00	0.0064238
472.25	0.0074639
472.50	0.0078976
472.75	0.0073563
473.00	0.0084572
473.25	0.0071379
473.50	0.0069087
473.75	0.0079349
474.00	0.0079242
474.25	0.0084015
474.50	0.0070201
474.75	0.0072765
475.00	0.0086218
475.25	0.0065915
475.50	0.0062940
475.75	0.0078210
476.00	0.0076424
476.25	0.0074240
476.50	0.0062497
476.75	0.0082141
477.00	0.0076861
477.25	0.0086357
477.50	0.0067371
477.75	0.0068384
478.00	0.0076868
478.25	0.0086997
478.50	0.0083097
478.75	0.0077969
479.00	0.0081109
479.25	0.0068511
479.50	0.0074221
479.75	0.0084895
480.00	0.0082799
480.25	0.0083914
480.50	0.0089061
480.75	0.0085382
481.00	0.0092954
481.25	0.0087560
481.50	0.0079318
481.75	0.0080786
482.00	0.0079014
482.25	0.0084363
482.50	0.0072987
482.75	0.0084040
483.00	0.0083762
483.25	0.0077956
483.50	0.0082122
483.75	0.0084407
484.00	0.0086117
484.25	0.0067872
484.50	0.0073398
484.75	0.0077070
485.00	0.0089833
485.25	0.0074607
485.50	0.0078678
485.75	0.0080457
486.00	0.0082977
486.25	0.0080394
486.50	0.0082591
486.75	0.0078083
487.00	0.0075912
487.25	0.0079805
487.50	0.0077013
487.75	0.0076690
488.00	0.0084901
488.25	0.0090333
488.50	0.0085718
488.75	0.0089852
489.00	0.0094290
489.25	0.0080185
489.50	0.0087003
489.75	0.0095505
490.00	0.0099234
490.25	0.0096505
490.50	0.0090023
490.75	0.0089181
491.00	0.010230
491.25	0.0093948
491.50	0.010191
491.75	0.010593
492.00	0.010089
492.25	0.010135
492.50	0.0099278
492.75	0.011019
493.00	0.010876
493.25	0.012494
493.50	0.011159
493.75	0.011296
494.00	0.012459
494.25	0.012541
494.50	0.013027
494.75	0.012867
495.00	0.012812
495.25	0.013844
495.50	0.014463
495.75	0.014932
496.00	0.015939
496.25	0.017607
496.50	0.015747
496.75	0.018156
497.00	0.018457
497.25	0.020357
497.50	0.019782
497.75	0.019620
498.00	0.020364
498.25	0.021227
498.50	0.022667
498.75	0.024392
499.00	0.024524
499.25	0.025491
499.50	0.026608
499.75	0.027544
500.00	0.027215
500.25	0.028576
500.50	0.029494
500.75	0.029278
501.00	0.030506
501.25	0.032567
501.50	0.031930
501.75	0.032410
502.00	0.034088
502.25	0.034330
502.50	0.035494
502.75	0.036309
503.00	0.037627
503.25	0.037378
503.50	0.038574
503.75	0.039108
504.00	0.039993
504.25	0.040279
504.50	0.040812
504.75	0.042199
505.00	0.042204
505.25	0.043793
505.50	0.044885
505.75	0.044281
506.00	0.044626
506.25	0.045290
506.50	0.048049
506.75	0.046275
507.00	0.047498
507.25	0.049198
507.50	0.049626
507.75	0.049161
508.00	0.050883
508.25	0.051341
508.50	0.051606
508.75	0.052397
509.00	0.053297
509.25	0.054929
509.50	0.055395
509.75	0.056228
510.00	0.056153
510.25	0.057118
510.50	0.057732
510.75	0.057849
511.00	0.058166
511.25	0.059162
511.50	0.059335
511.75	0.060229
512.00	0.059568
512.25	0.060414
512.50	0.060358
512.75	0.059230
513.00	0.058186
513.25	0.059368
513.50	0.057717
513.75	0.058449
514.00	0.058142
514.25	0.057057
514.50	0.058260
514.75	0.058873
515.00	0.056888
515.25	0.054883
515.50	0.056240
515.75	0.054775
516.00	0.053676
516.25	0.053877
516.50	0.053753
516.75	0.052431
517.00	0.052698
517.25	0.051735
517.50	0.050358
517.75	0.049168
518.00	0.048705
518.25	0.048963
518.50	0.049197
518.75	0.046957
519.00	0.046607
519.25	0.047047
519.50	0.045811
519.75	0.043365
520.00	0.042880
520.25	0.042546
520.50	0.040811
520.75	0.040536
521.00	0.039417
521.25	0.038993
521.50	0.037174
521.75	0.037522
522.00	0.035853
522.25	0.034242
522.50	0.033268
522.75	0.032254
523.00	0.032224
523.25	0.031330
523.50	0.030804
523.75	0.030106
524.00	0.030000
524.25	0.029566
524.50	0.026842
524.75	0.024840
525.00	0.025059
525.25	0.024890
525.50	0.023039
525.75	0.022984
526.00	0.023250
526.25	0.021968
526.50	0.021169
526.75	0.019975
527.00	0.020100
527.25	0.018427
527.50	0.018981
527.75	0.017323
528.00	0.016863
528.25	0.016834
528.50	0.017646
528.75	0.015751
529.00	0.015447
529.25	0.014406
529.50	0.015195
529.75	0.013814
530.00	0.014876
530.25	0.012870
530.50	0.011907
530.75	0.012596
531.00	0.012129
531.25	0.012217
531.50	0.012275
531.75	0.010513
532.00	0.011161
532.25	0.0099392
532.50	0.010195
532.75	0.010171
533.00	0.010549
533.25	0.010298
533.50	0.010291
533.75	0.0078140
534.00	0.0085623
534.25	0.0093131
534.50	0.0074886
534.75	0.0085047
535.00	0.0090865
535.25	0.0080824
535.50	0.0085674
535.75	0.0084452
536.00	0.0089934
536.25	0.0082268
536.50	0.0080691
536.75	0.0080539
537.00	0.0068321
537.25	0.0072221
537.50	0.0078684
537.75	0.0086218
538.00	0.0090808
538.25	0.0083679
538.50	0.0076937
538.75	0.0080318
539.00	0.0076627
539.25	0.0070581
539.50	0.0084870
539.75	0.0081343
540.00	0.0074329
540.25	0.0079140
540.50	0.0082388
540.75	0.0073671
541.00	0.0084123
541.25	0.0092112
541.50	0.0079147
541.75	0.0071683
542.00	0.0086319
542.25	0.0081280
542.50	0.0073006
542.75	0.0067201
543.00	0.0079697
543.25	0.0067308
543.50	0.0083363
543.75	0.0081464
544.00	0.0076671
544.25	0.0072936
544.50	0.0084009
544.75	0.0064865
545.00	0.0074202
545.25	0.0065371
545.50	0.0077602
545.75	0.0069347
546.00	0.0068758
546.25	0.0069188
546.50	0.0065327
546.75	0.0070068
547.00	0.0063655
547.25	0.0062358
547.50	0.0069005
547.75	0.0070701
548.00	0.0070037
548.25	0.0071347
548.50	0.0065675
548.75	0.0064061
549.00	0.0059401
549.25	0.0059110
549.50	0.0050424
549.75	0.0067941
550.00	0.0055096
550.25	0.0060300
550.50	0.0052001
550.75	0.0060680
551.00	0.0053805
551.25	0.0054337
551.50	0.0056191
551.75	0.0049418
552.00	0.0063383
552.25	0.0049487
552.50	0.0042131
552.75	0.0048379
553.00	0.0056040
553.25	0.0047765
553.50	0.0049994
553.75	0.0044999
554.00	0.0043714
554.25	0.0046012
554.50	0.0049057
554.75	0.0034800
555.00	0.0045075
555.25	0.0043226
555.50	0.0047886
555.75	0.0044309
556.00	0.0033293
556.25	0.0035617
556.50	0.0043714
556.75	0.0029602
557.00	0.0044467
557.25	0.0041048
557.50	0.0036484
557.75	0.0017220
558.00	0.0036769
558.25	0.0045151
558.50	0.0031799
558.75	0.0026481
559.00	0.0027051
559.25	0.0047183
559.50	0.0039548
559.75	0.0036022
560.00	0.0030305
560.25	0.0035800
560.50	0.0028754
560.75	0.0026165
561.00	0.0050506
561.25	0.0035294
561.50	0.0029583
561.75	0.0024025
562.00	0.0034490
562.25	0.0024930
562.50	0.0024234
562.75	0.0032698
563.00	0.0027944
563.25	0.0044524
563.50	0.0037731
563.75	0.0030919
564.00	0.0027349
564.25	0.0028748
564.50	0.0025361
564.75	0.0030014
565.00	0.0021208
565.25	0.0026450
565.50	0.0031483
565.75	0.0026405
566.00	0.0023075
566.25	0.0029450
566.50	0.0036224
566.75	0.0029254
567.00	0.0038864
567.25	0.0034401
567.50	0.0032261
567.75	0.0025013
568.00	0.0023633
568.25	0.0036952
568.50	0.0030406
568.75	0.0019036
569.00	0.0022670
569.25	0.0040251
569.50	0.0038953
569.75	0.0033401
570.00	0.0032078
570.25	0.0028210
570.50	0.0038364
570.75	0.0030153
571.00	0.0044366
571.25	0.0043796
571.50	0.0034483
571.75	0.0040504
572.00	0.0044486
572.25	0.0043942
572.50	0.0046835
572.75	0.0054020
573.00	0.0050361
573.25	0.0042346
573.50	0.0047784
573.75	0.0049082
574.00	0.0043125
574.25	0.0044746
574.50	0.0050506
574.75	0.0053944
575.00	0.0063674
575.25	0.0059889
575.50	0.0061205
575.75	0.0077805
576.00	0.0057401
576.25	0.0070758
576.50	0.0065631
576.75	0.0057591
577.00	0.0068669
577.25	0.0070303
577.50	0.0072601
577.75	0.0074652
578.00	0.0083654
578.25	0.0069581
578.50	0.0077842
578.75	0.0075962
579.00	0.0098898
579.25	0.0080717
579.50	0.0090675
579.75	0.0083401
580.00	0.0097708
580.25	0.0096664
580.50	0.0097309
580.75	0.010173
581.00	0.011376
581.25	0.011186
581.50	0.010729
581.75	0.012466
582.00	0.011453
582.25	0.012585
582.50	0.011790
582.75	0.013591
583.00	0.012820
583.25	0.014512
583.50	0.014603
583.75	0.015242
584.00	0.015615
584.25	0.015693
584.50	0.016157
584.75	0.016682
585.00	0.016699
585.25	0.017893
585.50	0.018078
585.75	0.018201
586.00	0.019642
586.25	0.018621
586.50	0.017426
586.75	0.019016
587.00	0.018190
587.25	0.019842
587.50	0.018819
587.75	0.018749
588.00	0.020121
588.25	0.019906
588.50	0.018774
588.75	0.019328
589.00	0.019844
589.25	0.019351
589.50	0.019912
589.75	0.018936
590.00	0.019399
590.25	0.019273
590.50	0.017954
590.75	0.019285
591.00	0.017940
591.25	0.018776
591.50	0.017802
591.75	0.017000
592.00	0.017695
592.25	0.017458
592.50	0.017534
592.75	0.018284
593.00	0.018094
593.25	0.017708
593.50	0.018144
593.75	0.016447
594.00	0.017520
594.25	0.017686
594.50	0.014085
594.75	0.016799
595.00	0.016551
595.25	0.015989
595.50	0.016139
595.75	0.016155
596.00	0.014516
596.25	0.015628
596.50	0.014847
596.75	0.013565
597.00	0.014994
597.25	0.013975
597.50	0.013286
597.75	0.013256
598.00	0.013058
598.25	0.013086
598.50	0.012463
598.75	0.012075
599.00	0.012640
599.25	0.011410
599.50	0.010466
599.75	0.012520
600.00	0.011334
600.25	0.011043
600.50	0.010362
600.75	0.0092346
601.00	0.010983
601.25	0.0092188
601.50	0.0093644
601.75	0.010436
602.00	0.0091042
602.25	0.0069999
602.50	0.0089909
602.75	0.0076152
603.00	0.0077051
603.25	0.0071278
603.50	0.0075532
603.75	0.0071645
604.00	0.0070708
604.25	0.0070334
604.50	0.0057033
604.75	0.0063079
605.00	0.0064567
605.25	0.0073949
605.50	0.0064909
605.75	0.0072879
606.00	0.0069929
606.25	0.0055160
606.50	0.0075411
606.75	0.0052969
607.00	0.0056115
607.25	0.0055185
607.50	0.0060990
607.75	0.0058008
608.00	0.0051779
608.25	0.0054925
608.50	0.0040827
608.75	0.0050582
609.00	0.0047158
609.25	0.0046651
609.50	0.0035072
609.75	0.0040270
610.00	0.0039630
610.25	0.0043226
610.50	0.0040795
610.75	0.0041922
611.00	0.0043264
611.25	0.0030103
611.50	0.0042125
611.75	0.0043878
612.00	0.0046923
612.25	0.0069619
612.50	0.0057736
612.75	0.0044074
613.00	0.0031812
613.25	0.0041048
613.50	0.0049424
613.75	0.0037269
614.00	0.0035154
614.25	0.0020543
614.50	0.0027298
614.75	0.0033338
615.00	0.0033863
615.25	0.0038833
615.50	0.0031103
615.75	0.0035851
616.00	0.0041662
616.25	0.0029229
616.50	0.0026095
616.75	0.0026842
617.00	0.0037775
617.25	0.0028482
617.50	0.0015213
617.75	0.0014238
618.00	0.0017631
618.25	0.0020885
618.50	0.0034439
618.75	0.0024924
619.00	0.0022518
619.25	0.0021189
619.50	0.0025044
619.75	0.0026842
620.00	0.00093378
620.25	0.0025399
620.50	0.0020049
620.75	0.0028368
621.00	0.0024677
621.25	0.00060775
621.50	0.0015542
621.75	0.0025570
622.00	0.0026488
622.25	0.0011205
622.50	0.0021594
622.75	0.0018188
623.00	0.0015453
623.25	0.0023487
623.50	0.0014580
623.75	0.0031090
624.00	0.0023189
624.25	0.0026336
624.50	0.0019891
624.75	0.0013276
625.00	0.0013598
625.25	0.0021670
625.50	0.0020075
625.75	0.0011402
626.00	0.00087301
626.25	0.00080907
626.50	0.0021189
626.75	0.0012193
627.00	0.0016574
627.25	0.0025519
627.50	0.00038554
627.75	0.00069891
628.00	0.0015637
628.25	0.0018448
628.50	0.0013276
628.75	0.00019562
629.00	0.0016941
629.25	0.0010509
629.50	0.0018169
629.75	0.0018923
630.00	0.00040643
630.25	0.0021062
630.50	0.0011199
630.75	0.0013750
631.00	0.00057863
631.25	0.0016916
631.50	0.0015004
631.75	0.0015966
632.00	0.0020341
632.25	0.0014751
632.50	0.0011611
632.75	0.0016656
633.00	0.0013535
633.25	0.0015010
633.50	0.00073310
633.75	0.00058369
634.00	0.0017359
634.25	0.0015510
634.50	6.3307e-06
634.75	0.0013421
635.00	0.0025595
635.25	0.0011617
635.50	0.0013206
635.75	0.0013472
636.00	0.0011313
636.25	4.4315e-06
636.50	0.0018929
636.75	0.0016200
637.00	0.0022379
637.25	0.0010939
637.50	0.0010294
637.75	0.0016694
638.00	-0.00039694
638.25	0.0014206
638.50	0.0019201
638.75	0.0022962
639.00	0.0014314
639.25	0.0017511
639.50	0.00070967
639.75	0.0026374
640.00	0.00055141
640.25	0.00037225
640.50	0.0016966
640.75	0.0015441
641.00	0.0019632
641.25	0.00054318
641.50	0.0019258
641.75	0.0010743
642.00	0.0017017
642.25	0.0014459
642.50	0.0023354
642.75	2.6589e-05
643.00	0.00073879
643.25	0.0017036
643.50	0.0026488
643.75	0.0018454
644.00	0.0015365
644.25	-0.00021778
644.50	0.0015751
644.75	0.0017106
645.00	0.0019340
645.25	0.0012763
645.50	0.0021138
645.75	0.0020486
646.00	0.0016586
646.25	0.00072423
646.50	0.0013738
646.75	0.00094011
647.00	0.0011769
647.25	0.0021107
647.50	0.00014940
647.75	0.0019758
648.00	0.0014618
648.25	0.0019777
648.50	0.0010015
648.75	8.6098e-05
649.00	0.00072423
649.25	-0.00095277
649.50	0.00062168
649.75	0.0020771
650.00	0.0019347
650.25	0.0013991
650.50	0.0014713
650.75	0.0025817
651.00	0.0018536
651.25	0.0017631
651.50	-0.00095657
651.75	0.0012541
652.00	0.0012693
652.25	0.0015270
652.50	0.00013231
652.75	0.0010097
653.00	0.00038427
653.25	0.00032160
653.50	0.00059825
653.75	0.00025956
654.00	0.00099329
654.25	0.0015694
654.50	0.0018486
654.75	-7.2803e-05
655.00	0.00048620
655.25	0.00098316
655.50	0.0010022
655.75	-9.8126e-05
656.00	0.00095087
656.25	-6.0775e-05
656.50	-0.00022664
656.75	0.00052418
657.00	0.00018043
657.25	0.0011465
657.50	0.0011535
657.75	-0.00038554
658.00	-0.00058306
658.25	-0.0010901
658.50	0.00055710
658.75	-0.00023360
659.00	-0.00092492
659.25	-0.00042416
659.50	0.00048303
659.75	0.00064383
660.00	-0.00074702
660.25	0.0018467
660.50	0.00031464
660.75	0.00015574
661.00	0.00063877
661.25	-0.0012484
661.50	0.00070967
661.75	0.00074386
662.00	0.0011813
662.25	0.00084515
662.50	1.3928e-05
662.75	3.1654e-05
663.00	0.0014029
663.25	0.00064953
663.50	0.00095657
663.75	-0.0019885
664.00	-0.00053115
664.25	0.00062737
664.50	0.00068752
664.75	0.0015605
665.00	0.00090782
665.25	-0.00075905
665.50	-0.0011136
665.75	4.8747e-05
666.00	-0.00012598
666.25	0.00052482
666.50	0.0014067
666.75	0.0013440
667.00	-0.00046024
667.25	0.0020265
667.50	-0.0012623
667.75	-0.00042352
668.00	0.0015580
668.25	0.00011015
668.50	-0.00044378
668.75	-0.00022791
669.00	0.0012288
669.25	-0.0014250
669.50	0.00097366
669.75	0.00056660
670.00	0.0013915
670.25	0.00093315
670.50	-0.00092239
670.75	0.00011079
671.00	0.00096290
671.25	0.0010458
671.50	-0.0011902
671.75	0.00025639
672.00	0.00067739
672.25	0.00015130
672.50	0.0017574
672.75	-9.1162e-05
673.00	8.4832e-05
673.25	0.0017365
673.50	0.00074196
673.75	-0.00067106
674.00	-4.3682e-05
674.25	-0.00069954
674.50	0.0010154
674.75	0.0015434
675.00	0.00092302
675.25	0.0017726
675.50	0.0013181
675.75	-0.00089706
676.00	0.00084705
676.25	-0.0012579
676.50	0.00069068
676.75	0.0030318
677.00	0.00064320
677.25	0.0017270
677.50	0.00061661
677.75	0.00091922
678.00	0.00035262
678.25	0.0022993
678.50	-0.00024437
678.75	-0.00094454
679.00	9.5594e-05
679.25	0.00086668
679.50	0.0011098
679.75	0.0016257
680.00	0.00027602
680.25	0.00069195
680.50	0.00077678
680.75	0.0011009
681.00	0.00037858
681.25	0.0010914
681.50	-0.00037604
681.75	0.00090529
682.00	0.00071664
682.25	0.0017017
682.50	0.00075715
682.75	0.00072550
683.00	0.00015257
683.25	0.0011699
683.50	0.0010224
683.75	0.0017644
684.00	0.0017017
684.25	0.0018960
684.50	0.00039820
684.75	0.0019752
685.00	-0.00071917
685.25	-0.00062041
685.50	0.00083755
685.75	0.00010003
686.00	-0.00094771
686.25	0.00019055
686.50	0.00080527
686.75	0.00052038
687.00	0.0014105
687.25	0.0017492
687.50	0.0013909
687.75	0.00024057
688.00	9.4961e-05
688.25	0.00028931
688.50	-0.0013750
688.75	0.0015763
689.00	-0.00040327
689.25	0.00073056
689.50	0.0029900
689.75	0.00068752
690.00	0.0012301
690.25	-0.00098379
690.50	0.0017878
690.75	0.0012972
691.00	0.0011224
691.25	0.0013060
691.50	-0.0011376
691.75	0.0014744
692.00	0.00069701
692.25	0.00086034
692.50	0.00054887
692.75	0.00061408
693.00	0.00078881
693.25	0.0019271
693.50	0.0013940
693.75	0.0015168
694.00	0.00059129
694.25	0.00053558
694.50	0.00092998
694.75	0.0014447
695.00	0.0011250
695.25	-0.00028995
695.50	0.00077551
695.75	0.0019670
696.00	0.0010591
696.25	0.00042542
696.50	0.0013858
696.75	8.1666e-05
697.00	0.0028862
697.25	0.00028995
697.50	0.0011395
697.75	0.00051152
698.00	0.00083755
698.25	-0.00064004
698.50	0.0012440
698.75	0.00077678
699.00	0.00056407
699.25	0.0020461
699.50	-0.00093062
699.75	0.00046657
700.00	0.00057356
