Wavelength (nm)	Q26 abs N
350.00	0.033340
351.00	0.034005
352.00	0.034568
353.00	0.035447
354.00	0.036163
355.00	0.036905
356.00	0.037553
357.00	0.037980
358.00	0.038509
359.00	0.039140
360.00	0.039558
361.00	0.040351
362.00	0.040871
363.00	0.041630
364.00	0.042381
365.00	0.043438
366.00	0.044436
367.00	0.045835
368.00	0.047097
369.00	0.048752
370.00	0.050483
371.00	0.052019
372.00	0.053733
373.00	0.055516
374.00	0.057247
375.00	0.058953
376.00	0.060454
377.00	0.062143
378.00	0.063848
379.00	0.065597
380.00	0.067431
381.00	0.069819
382.00	0.072301
383.00	0.075260
384.00	0.078433
385.00	0.083627
386.00	0.088352
387.00	0.093555
388.00	0.099466
389.00	0.10593
390.00	0.11355
391.00	0.12192
392.00	0.13128
393.00	0.14140
394.00	0.15229
395.00	0.16319
396.00	0.17423
397.00	0.18431
398.00	0.19308
399.00	0.20008
400.00	0.20522
401.00	0.20827
402.00	0.20986
403.00	0.21011
404.00	0.20993
405.00	0.20976
406.00	0.21090
407.00	0.21358
408.00	0.21852
409.00	0.22634
410.00	0.23737
411.00	0.25159
412.00	0.26924
413.00	0.29061
414.00	0.31651
415.00	0.34799
416.00	0.38605
417.00	0.43218
418.00	0.48698
419.00	0.55208
420.00	0.62572
421.00	0.70611
422.00	0.78820
423.00	0.86704
424.00	0.93289
425.00	0.97849
426.00	1.0000
427.00	0.99130
428.00	0.95550
429.00	0.89446
430.00	0.81647
431.00	0.72634
432.00	0.63234
433.00	0.54026
434.00	0.45375
435.00	0.37700
436.00	0.31012
437.00	0.25457
438.00	0.20832
439.00	0.17070
440.00	0.13993
441.00	0.11576
442.00	0.096191
443.00	0.080770
444.00	0.067985
445.00	0.057801
446.00	0.049392
447.00	0.042483
448.00	0.036794
449.00	0.032146
450.00	0.028180
451.00	0.024837
452.00	0.021954
453.00	0.019608
454.00	0.017425
455.00	0.015753
456.00	0.014150
457.00	0.012896
458.00	0.011531
459.00	0.010678
460.00	0.0097572
461.00	0.0089981
462.00	0.0080258
463.00	0.0076420
464.00	0.0069512
465.00	0.0063968
466.00	0.0059192
467.00	0.0054842
468.00	0.0051260
469.00	0.0048616
470.00	0.0045204
471.00	0.0041963
472.00	0.0039575
473.00	0.0037016
474.00	0.0035651
475.00	0.0034201
476.00	0.0032069
477.00	0.0030193
478.00	0.0029340
479.00	0.0028231
480.00	0.0025161
481.00	0.0025246
482.00	0.0024734
483.00	0.0023881
484.00	0.0022261
485.00	0.0021834
486.00	0.0021323
487.00	0.0020640
488.00	0.0021067
489.00	0.0020043
490.00	0.0019702
491.00	0.0018593
492.00	0.0017996
493.00	0.0017911
494.00	0.0016546
495.00	0.0016887
496.00	0.0016035
497.00	0.0015608
498.00	0.0015693
499.00	0.0014158
500.00	0.0013817
501.00	0.0013988
502.00	0.0014158
503.00	0.0014158
504.00	0.0015011
505.00	0.0015693
506.00	0.0017143
507.00	0.0019532
508.00	0.0021152
509.00	0.0025246
510.00	0.0026525
511.00	0.0029681
512.00	0.0033519
513.00	0.0035822
514.00	0.0037187
515.00	0.0039404
516.00	0.0041622
517.00	0.0042645
518.00	0.0045630
519.00	0.0046654
520.00	0.0048445
521.00	0.0050236
522.00	0.0051942
523.00	0.0053136
524.00	0.0055183
525.00	0.0056974
526.00	0.0059533
527.00	0.0059874
528.00	0.0061665
529.00	0.0063030
530.00	0.0064650
531.00	0.0065844
532.00	0.0068403
533.00	0.0069938
534.00	0.0072582
535.00	0.0075311
536.00	0.0078126
537.00	0.0080941
538.00	0.0085546
539.00	0.0086826
540.00	0.0089811
541.00	0.0094331
542.00	0.0099534
543.00	0.010491
544.00	0.011105
545.00	0.011796
546.00	0.012589
547.00	0.013732
548.00	0.015207
549.00	0.016956
550.00	0.019131
551.00	0.021826
552.00	0.025195
553.00	0.029289
554.00	0.033698
555.00	0.038602
556.00	0.043259
557.00	0.047404
558.00	0.050671
559.00	0.052590
560.00	0.053955
561.00	0.055089
562.00	0.056309
563.00	0.057469
564.00	0.058509
565.00	0.059072
566.00	0.058961
567.00	0.058663
568.00	0.058185
569.00	0.057665
570.00	0.057307
571.00	0.057102
572.00	0.056590
573.00	0.055797
574.00	0.054646
575.00	0.053281
576.00	0.051652
577.00	0.050415
578.00	0.049613
579.00	0.048675
580.00	0.048274
581.00	0.048453
582.00	0.048701
583.00	0.049741
584.00	0.051021
585.00	0.052889
586.00	0.054714
587.00	0.056803
588.00	0.059021
589.00	0.061759
590.00	0.064787
591.00	0.068062
592.00	0.071550
593.00	0.075286
594.00	0.078936
595.00	0.082928
596.00	0.087244
597.00	0.092378
598.00	0.099005
599.00	0.10789
600.00	0.11933
601.00	0.13437
602.00	0.15278
603.00	0.17577
604.00	0.20353
605.00	0.23749
606.00	0.27838
607.00	0.32612
608.00	0.37829
609.00	0.42945
610.00	0.47347
611.00	0.50454
612.00	0.52310
613.00	0.53107
614.00	0.53415
615.00	0.53661
616.00	0.54100
617.00	0.54736
618.00	0.55264
619.00	0.55214
620.00	0.54214
621.00	0.51942
622.00	0.48518
623.00	0.44139
624.00	0.39251
625.00	0.34213
626.00	0.29400
627.00	0.24959
628.00	0.20992
629.00	0.17613
630.00	0.14765
631.00	0.12397
632.00	0.10464
633.00	0.088949
634.00	0.076224
635.00	0.066134
636.00	0.058057
637.00	0.051379
638.00	0.045818
639.00	0.041323
640.00	0.037511
641.00	0.034116
642.00	0.031336
643.00	0.028709
644.00	0.026525
645.00	0.024410
646.00	0.022593
647.00	0.020845
648.00	0.019207
649.00	0.017740
650.00	0.016478
651.00	0.015318
652.00	0.014099
653.00	0.013041
654.00	0.012145
655.00	0.011233
656.00	0.010474
657.00	0.0098340
658.00	0.0090578
659.00	0.0085290
660.00	0.0079320
661.00	0.0075311
662.00	0.0069853
663.00	0.0066612
664.00	0.0062859
665.00	0.0059703
666.00	0.0056036
667.00	0.0053733
668.00	0.0050236
669.00	0.0048616
670.00	0.0045033
671.00	0.0044266
672.00	0.0042133
673.00	0.0040086
674.00	0.0037272
675.00	0.0036760
676.00	0.0034713
677.00	0.0033007
678.00	0.0031899
679.00	0.0031728
680.00	0.0028999
681.00	0.0028402
682.00	0.0026866
683.00	0.0026525
684.00	0.0026014
685.00	0.0025075
686.00	0.0024308
687.00	0.0023711
688.00	0.0020981
689.00	0.0021920
690.00	0.0020470
691.00	0.0019787
692.00	0.0019361
693.00	0.0018337
694.00	0.0017570
695.00	0.0018593
696.00	0.0017740
697.00	0.0015523
698.00	0.0016887
699.00	0.0015352
700.00	0.0014755
701.00	0.0014243
702.00	0.0014926
703.00	0.0014499
704.00	0.0013561
705.00	0.0013561
706.00	0.0012879
707.00	0.0012538
708.00	0.0012197
709.00	0.0010661
710.00	0.0010405
711.00	0.0011941
712.00	0.0010661
713.00	0.0010405
714.00	0.00099790
715.00	0.00090408
716.00	0.00097231
717.00	0.00078467
718.00	0.00085290
719.00	0.00086143
720.00	0.00072497
721.00	0.00078467
722.00	0.00074203
723.00	0.00077614
724.00	0.00070791
725.00	0.00069938
726.00	0.00074203
727.00	0.00069938
728.00	0.00065674
729.00	0.00052880
730.00	0.00054586
731.00	0.00049468
732.00	0.00057145
733.00	0.00051174
734.00	0.00049468
735.00	0.00049468
736.00	0.00040086
737.00	0.00047763
738.00	0.00041792
739.00	0.00034116
740.00	0.00039234
741.00	0.00046057
742.00	0.00035822
743.00	0.00029852
744.00	0.00040939
745.00	0.00031557
746.00	0.00029852
747.00	0.00028146
748.00	0.00040086
749.00	0.00036675
750.00	0.00033263
751.00	0.00031557
752.00	0.00017058
753.00	0.00024734
754.00	0.00025587
755.00	0.00032410
756.00	0.00032410
757.00	0.00028999
758.00	0.00025587
759.00	0.00021323
760.00	0.00021323
761.00	0.00025587
762.00	0.00020470
763.00	0.00016205
764.00	0.00015352
765.00	0.00014499
766.00	0.00021323
767.00	0.00010235
768.00	0.00013646
769.00	0.00018764
770.00	9.3819e-05
771.00	0.00016205
772.00	9.3819e-05
773.00	0.00011088
774.00	1.7058e-05
775.00	6.8232e-05
776.00	0.00020470
777.00	0.00016205
778.00	-2.0643e-11
779.00	0.00014499
780.00	2.5587e-05
781.00	0.00031557
782.00	0.00025587
783.00	0.00022176
784.00	0.00021323
785.00	0.00021323
786.00	3.4116e-05
787.00	4.2645e-05
788.00	4.2645e-05
789.00	0.00011088
790.00	5.1174e-05
791.00	0.00020470
792.00	2.5587e-05
793.00	9.3819e-05
794.00	3.4116e-05
795.00	0.00012794
796.00	0.00014499
797.00	9.3819e-05
798.00	5.1174e-05
799.00	0.00011941
800.00	0.00014499
