Wavelength (nm)	Q28 abs N
350.00	0.042043
350.00	0.042043
350.00	0.042043
351.00	0.041227
352.00	0.040332
353.00	0.039467
354.00	0.038789
355.00	0.038229
356.00	0.037560
357.00	0.037275
358.00	0.036784
359.00	0.036430
360.00	0.036204
361.00	0.035928
362.00	0.035958
363.00	0.035801
364.00	0.035860
365.00	0.035997
366.00	0.036017
367.00	0.036155
368.00	0.036204
369.00	0.036587
370.00	0.037098
371.00	0.037344
372.00	0.037334
373.00	0.037649
374.00	0.037776
375.00	0.038111
376.00	0.038219
377.00	0.038563
378.00	0.038602
379.00	0.038995
380.00	0.039202
381.00	0.039300
382.00	0.039182
383.00	0.039507
384.00	0.039595
385.00	0.039202
386.00	0.039212
387.00	0.038779
388.00	0.038710
389.00	0.038415
390.00	0.038376
391.00	0.037983
392.00	0.037806
393.00	0.037501
394.00	0.037354
395.00	0.036980
396.00	0.036911
397.00	0.036558
398.00	0.036430
399.00	0.036214
400.00	0.036194
401.00	0.036125
402.00	0.036125
403.00	0.036125
404.00	0.036322
405.00	0.036351
406.00	0.036617
407.00	0.036941
408.00	0.037138
409.00	0.037609
410.00	0.038189
411.00	0.038543
412.00	0.039005
413.00	0.039507
414.00	0.040165
415.00	0.040814
416.00	0.041630
417.00	0.042377
418.00	0.043488
419.00	0.044638
420.00	0.045984
421.00	0.047774
422.00	0.049661
423.00	0.051853
424.00	0.054566
425.00	0.057623
426.00	0.061201
427.00	0.065241
428.00	0.069683
429.00	0.074648
430.00	0.079937
431.00	0.085834
432.00	0.091781
433.00	0.097955
434.00	0.10436
435.00	0.11066
436.00	0.11665
437.00	0.12271
438.00	0.12816
439.00	0.13340
440.00	0.13815
441.00	0.14267
442.00	0.14670
443.00	0.15059
444.00	0.15442
445.00	0.15876
446.00	0.16335
447.00	0.16913
448.00	0.17622
449.00	0.18558
450.00	0.19750
451.00	0.21232
452.00	0.23078
453.00	0.25368
454.00	0.28146
455.00	0.31405
456.00	0.35212
457.00	0.39534
458.00	0.44306
459.00	0.49487
460.00	0.54970
461.00	0.60708
462.00	0.66567
463.00	0.72352
464.00	0.77949
465.00	0.83184
466.00	0.87917
467.00	0.91969
468.00	0.95301
469.00	0.97778
470.00	0.99387
471.00	1.0000
472.00	0.99764
473.00	0.98667
474.00	0.96756
475.00	0.94054
476.00	0.90726
477.00	0.86768
478.00	0.82336
479.00	0.77515
480.00	0.72473
481.00	0.67259
482.00	0.62030
483.00	0.56845
484.00	0.51769
485.00	0.46852
486.00	0.42143
487.00	0.37707
488.00	0.33556
489.00	0.29688
490.00	0.26147
491.00	0.22914
492.00	0.19985
493.00	0.17362
494.00	0.15001
495.00	0.12932
496.00	0.11122
497.00	0.095449
498.00	0.081952
499.00	0.070373
500.00	0.060621
501.00	0.052266
502.00	0.045277
503.00	0.039556
504.00	0.034769
505.00	0.030738
506.00	0.027612
507.00	0.024870
508.00	0.022874
509.00	0.021174
510.00	0.020033
511.00	0.018844
512.00	0.018264
513.00	0.017704
514.00	0.017320
515.00	0.017153
516.00	0.017094
517.00	0.017163
518.00	0.017163
519.00	0.017232
520.00	0.017497
521.00	0.017733
522.00	0.017782
523.00	0.018058
524.00	0.018225
525.00	0.018254
526.00	0.018215
527.00	0.018254
528.00	0.018254
529.00	0.018048
530.00	0.017890
531.00	0.017664
532.00	0.017232
533.00	0.016937
534.00	0.016652
535.00	0.016180
536.00	0.015708
537.00	0.015364
538.00	0.014892
539.00	0.014637
540.00	0.014175
541.00	0.013968
542.00	0.013831
543.00	0.013595
544.00	0.013546
545.00	0.013398
546.00	0.013310
547.00	0.013300
548.00	0.013231
549.00	0.013310
550.00	0.013300
551.00	0.013349
552.00	0.013369
553.00	0.013300
554.00	0.013320
555.00	0.013369
556.00	0.013388
557.00	0.013359
558.00	0.013310
559.00	0.013310
560.00	0.013162
561.00	0.013143
562.00	0.013103
563.00	0.013182
564.00	0.012926
565.00	0.012995
566.00	0.012907
567.00	0.012887
568.00	0.012779
569.00	0.012799
570.00	0.012749
571.00	0.012641
572.00	0.012681
573.00	0.012553
574.00	0.012445
575.00	0.012435
576.00	0.012317
577.00	0.012268
578.00	0.012268
579.00	0.012445
580.00	0.012356
581.00	0.012435
582.00	0.012514
583.00	0.012907
584.00	0.013172
585.00	0.013526
586.00	0.014116
587.00	0.014755
588.00	0.015443
589.00	0.016593
590.00	0.017832
591.00	0.018991
592.00	0.020456
593.00	0.022098
594.00	0.023769
595.00	0.025774
596.00	0.027858
597.00	0.030089
598.00	0.032321
599.00	0.034641
600.00	0.037039
601.00	0.039634
602.00	0.042111
603.00	0.044598
604.00	0.047056
605.00	0.049474
606.00	0.051863
607.00	0.053996
608.00	0.056139
609.00	0.058036
610.00	0.059766
611.00	0.061162
612.00	0.062439
613.00	0.063245
614.00	0.063806
615.00	0.064052
616.00	0.063954
617.00	0.063551
618.00	0.062892
619.00	0.061604
620.00	0.060484
621.00	0.058685
622.00	0.057141
623.00	0.055136
624.00	0.053268
625.00	0.051116
626.00	0.049110
627.00	0.047154
628.00	0.045208
629.00	0.043478
630.00	0.041876
631.00	0.040598
632.00	0.039634
633.00	0.038917
634.00	0.038809
635.00	0.038887
636.00	0.039526
637.00	0.040883
638.00	0.042573
639.00	0.045188
640.00	0.048383
641.00	0.052423
642.00	0.057122
643.00	0.062479
644.00	0.068603
645.00	0.075445
646.00	0.082817
647.00	0.090671
648.00	0.098634
649.00	0.10693
650.00	0.11508
651.00	0.12317
652.00	0.13059
653.00	0.13759
654.00	0.14378
655.00	0.14916
656.00	0.15352
657.00	0.15667
658.00	0.15875
659.00	0.15973
660.00	0.15938
661.00	0.15803
662.00	0.15533
663.00	0.15172
664.00	0.14719
665.00	0.14194
666.00	0.13599
667.00	0.12943
668.00	0.12216
669.00	0.11491
670.00	0.10734
671.00	0.099725
672.00	0.092146
673.00	0.084754
674.00	0.077509
675.00	0.070569
676.00	0.063954
677.00	0.057839
678.00	0.052040
679.00	0.046663
680.00	0.041738
681.00	0.037275
682.00	0.033284
683.00	0.029568
684.00	0.026177
685.00	0.023071
686.00	0.020495
687.00	0.018018
688.00	0.015934
689.00	0.014067
690.00	0.012445
691.00	0.011118
692.00	0.0098693
693.00	0.0088371
694.00	0.0079033
695.00	0.0071857
696.00	0.0063796
697.00	0.0057997
698.00	0.0053475
699.00	0.0048757
700.00	0.0044923
701.00	0.0040696
702.00	0.0038632
703.00	0.0037059
704.00	0.0033717
705.00	0.0031652
706.00	0.0029785
707.00	0.0029588
708.00	0.0028212
709.00	0.0027426
710.00	0.0025460
711.00	0.0024477
712.00	0.0025066
713.00	0.0023985
714.00	0.0023494
715.00	0.0022314
716.00	0.0022609
717.00	0.0022117
718.00	0.0021429
719.00	0.0020348
720.00	0.0019856
721.00	0.0019955
722.00	0.0019758
723.00	0.0018480
724.00	0.0018480
725.00	0.0018677
726.00	0.0017694
727.00	0.0017792
728.00	0.0018382
729.00	0.0017497
730.00	0.0015925
731.00	0.0016613
732.00	0.0017202
733.00	0.0015630
734.00	0.0016121
735.00	0.0014352
736.00	0.0015728
737.00	0.0014843
738.00	0.0016121
739.00	0.0016121
740.00	0.0014745
741.00	0.0014057
742.00	0.0015236
743.00	0.0013860
744.00	0.0014647
745.00	0.0014352
746.00	0.0013664
747.00	0.0012976
748.00	0.0013565
749.00	0.0012976
750.00	0.0013467
751.00	0.0014057
752.00	0.0013467
753.00	0.0012779
754.00	0.0012779
755.00	0.0012484
756.00	0.0013664
757.00	0.0013664
758.00	0.0013172
759.00	0.0013369
760.00	0.0011894
761.00	0.0013565
762.00	0.0012287
763.00	0.0013172
764.00	0.0012877
765.00	0.0014253
766.00	0.0013762
767.00	0.0014057
768.00	0.0014155
769.00	0.0012779
770.00	0.0013860
771.00	0.0014647
772.00	0.0012779
773.00	0.0014548
774.00	0.0014647
775.00	0.0013664
776.00	0.0013959
777.00	0.0014745
778.00	0.0014057
779.00	0.0014057
780.00	0.0013270
781.00	0.0014745
782.00	0.0014155
783.00	0.0014843
784.00	0.0015630
785.00	0.0015630
786.00	0.0015728
787.00	0.0015138
788.00	0.0016219
789.00	0.0016121
790.00	0.0015630
791.00	0.0016219
792.00	0.0016121
793.00	0.0016711
794.00	0.0016318
795.00	0.0017006
796.00	0.0015925
797.00	0.0016219
798.00	0.0017104
799.00	0.0017006
800.00	0.0015925
