Wavelength (nm)	R05 abs N
250.00	0.29768
251.00	0.29976
252.00	0.30355
253.00	0.30825
254.00	0.31256
255.00	0.31553
256.00	0.31834
257.00	0.31970
258.00	0.32338
259.00	0.32952
260.00	0.33457
261.00	0.34060
262.00	0.34917
263.00	0.34873
264.00	0.34667
265.00	0.35010
266.00	0.35042
267.00	0.35017
268.00	0.36395
269.00	0.37657
270.00	0.37011
271.00	0.36167
272.00	0.35861
273.00	0.35906
274.00	0.36060
275.00	0.36235
276.00	0.36380
277.00	0.36516
278.00	0.36604
279.00	0.36651
280.00	0.36664
281.00	0.36615
282.00	0.36547
283.00	0.36477
284.00	0.36357
285.00	0.36230
286.00	0.36120
287.00	0.36047
288.00	0.35979
289.00	0.36016
290.00	0.36061
291.00	0.36181
292.00	0.36370
293.00	0.36567
294.00	0.36856
295.00	0.37199
296.00	0.37594
297.00	0.37997
298.00	0.38450
299.00	0.38939
300.00	0.39395
301.00	0.39890
302.00	0.40428
303.00	0.40933
304.00	0.41449
305.00	0.41953
306.00	0.42436
307.00	0.42911
308.00	0.43340
309.00	0.43772
310.00	0.44135
311.00	0.44500
312.00	0.44816
313.00	0.45084
314.00	0.45348
315.00	0.45562
316.00	0.45726
317.00	0.45882
318.00	0.45960
319.00	0.46046
320.00	0.46056
321.00	0.46064
322.00	0.46070
323.00	0.46059
324.00	0.46026
325.00	0.46029
326.00	0.46008
327.00	0.46030
328.00	0.46118
329.00	0.46212
330.00	0.46345
331.00	0.46540
332.00	0.46785
333.00	0.47124
334.00	0.47526
335.00	0.47957
336.00	0.48473
337.00	0.49070
338.00	0.49765
339.00	0.50562
340.00	0.51386
341.00	0.52305
342.00	0.53325
343.00	0.54438
344.00	0.55630
345.00	0.56866
346.00	0.58171
347.00	0.59554
348.00	0.61037
349.00	0.62584
350.00	0.64165
351.00	0.65715
352.00	0.67319
353.00	0.68976
354.00	0.70744
355.00	0.72403
356.00	0.74121
357.00	0.75728
358.00	0.77314
359.00	0.78915
360.00	0.80818
361.00	0.82390
362.00	0.84288
363.00	0.85818
364.00	0.87447
365.00	0.88806
366.00	0.89773
367.00	0.91288
368.00	0.92393
369.00	0.93724
370.00	0.95158
371.00	0.96554
372.00	0.97734
373.00	0.98016
374.00	0.98800
375.00	0.99468
376.00	0.99620
377.00	1.0000
378.00	0.99494
379.00	0.99247
380.00	0.98649
381.00	0.97742
382.00	0.96952
383.00	0.95866
384.00	0.94326
385.00	0.92883
386.00	0.91289
387.00	0.89788
388.00	0.88155
389.00	0.86096
390.00	0.84071
391.00	0.82003
392.00	0.79926
393.00	0.77897
394.00	0.75577
395.00	0.73362
396.00	0.70901
397.00	0.68435
398.00	0.65930
399.00	0.63526
400.00	0.61044
401.00	0.58468
402.00	0.55870
403.00	0.53401
404.00	0.50813
405.00	0.48296
406.00	0.45842
407.00	0.43476
408.00	0.41024
409.00	0.38712
410.00	0.36539
411.00	0.34377
412.00	0.32316
413.00	0.30419
414.00	0.28688
415.00	0.27009
416.00	0.25406
417.00	0.23944
418.00	0.22599
419.00	0.21346
420.00	0.20153
421.00	0.19062
422.00	0.18087
423.00	0.17226
424.00	0.16404
425.00	0.15644
426.00	0.14929
427.00	0.14258
428.00	0.13666
429.00	0.13105
430.00	0.12571
431.00	0.12119
432.00	0.11676
433.00	0.11249
434.00	0.10873
435.00	0.10477
436.00	0.10148
437.00	0.098029
438.00	0.095186
439.00	0.092226
440.00	0.089550
441.00	0.086931
442.00	0.084406
443.00	0.082088
444.00	0.079975
445.00	0.077954
446.00	0.075915
447.00	0.074266
448.00	0.072465
449.00	0.070975
450.00	0.069380
451.00	0.067960
452.00	0.066627
453.00	0.065131
454.00	0.063933
455.00	0.062865
456.00	0.061753
457.00	0.060559
458.00	0.059625
459.00	0.058748
460.00	0.057728
461.00	0.057028
462.00	0.055953
463.00	0.055142
464.00	0.054485
465.00	0.053521
466.00	0.053113
467.00	0.052313
468.00	0.051778
469.00	0.051031
470.00	0.050363
471.00	0.049955
472.00	0.049557
473.00	0.049078
474.00	0.048438
475.00	0.047997
476.00	0.047685
477.00	0.047361
478.00	0.047220
479.00	0.046686
480.00	0.046566
481.00	0.046316
482.00	0.046051
483.00	0.045970
484.00	0.045694
485.00	0.045843
486.00	0.045899
487.00	0.044910
488.00	0.044924
489.00	0.045114
490.00	0.045081
491.00	0.045233
492.00	0.045367
493.00	0.045409
494.00	0.045300
495.00	0.045525
496.00	0.045865
497.00	0.045998
498.00	0.046093
499.00	0.046236
500.00	0.046384
501.00	0.046590
502.00	0.047031
503.00	0.047273
504.00	0.047372
505.00	0.047706
506.00	0.048384
507.00	0.048649
508.00	0.049078
509.00	0.049615
510.00	0.050156
511.00	0.050372
512.00	0.050934
513.00	0.051603
514.00	0.051957
515.00	0.052445
516.00	0.052903
517.00	0.053818
518.00	0.054451
519.00	0.055224
520.00	0.055472
521.00	0.056355
522.00	0.056903
523.00	0.057871
524.00	0.058578
525.00	0.059340
526.00	0.060247
527.00	0.060992
528.00	0.061969
529.00	0.063055
530.00	0.063773
531.00	0.064643
532.00	0.065610
533.00	0.066691
534.00	0.067804
535.00	0.068816
536.00	0.069722
537.00	0.070999
538.00	0.072149
539.00	0.073360
540.00	0.074607
541.00	0.075625
542.00	0.076943
543.00	0.078212
544.00	0.079803
545.00	0.081172
546.00	0.082549
547.00	0.083951
548.00	0.085476
549.00	0.086938
550.00	0.088624
551.00	0.090213
552.00	0.091826
553.00	0.093270
554.00	0.094911
555.00	0.096734
556.00	0.098296
557.00	0.10010
558.00	0.10193
559.00	0.10379
560.00	0.10560
561.00	0.10720
562.00	0.10906
563.00	0.11114
564.00	0.11299
565.00	0.11468
566.00	0.11681
567.00	0.11864
568.00	0.12057
569.00	0.12267
570.00	0.12462
571.00	0.12643
572.00	0.12841
573.00	0.13037
574.00	0.13255
575.00	0.13438
576.00	0.13630
577.00	0.13876
578.00	0.14055
579.00	0.14240
580.00	0.14469
581.00	0.14745
582.00	0.14885
583.00	0.15052
584.00	0.15341
585.00	0.15592
586.00	0.15753
587.00	0.15988
588.00	0.16199
589.00	0.16416
590.00	0.16664
591.00	0.16903
592.00	0.17139
593.00	0.17382
594.00	0.17563
595.00	0.17838
596.00	0.18042
597.00	0.18280
598.00	0.18545
599.00	0.18779
600.00	0.19016
601.00	0.19231
602.00	0.19472
603.00	0.19722
604.00	0.19962
605.00	0.20186
606.00	0.20449
607.00	0.20664
608.00	0.20895
609.00	0.21133
610.00	0.21384
611.00	0.21606
612.00	0.21824
613.00	0.22047
614.00	0.22265
615.00	0.22501
616.00	0.22722
617.00	0.22928
618.00	0.23109
619.00	0.23343
620.00	0.23559
621.00	0.23713
622.00	0.23900
623.00	0.24075
624.00	0.24256
625.00	0.24456
626.00	0.24646
627.00	0.24830
628.00	0.24986
629.00	0.25160
630.00	0.25304
631.00	0.25442
632.00	0.25589
633.00	0.25715
634.00	0.25863
635.00	0.26026
636.00	0.26185
637.00	0.26294
638.00	0.26430
639.00	0.26547
640.00	0.26657
641.00	0.26839
642.00	0.26887
643.00	0.27017
644.00	0.27098
645.00	0.27170
646.00	0.27241
647.00	0.27343
648.00	0.27403
649.00	0.27484
650.00	0.27573
651.00	0.27602
652.00	0.27697
653.00	0.27725
654.00	0.27800
655.00	0.27879
656.00	0.27915
657.00	0.27699
658.00	0.27880
659.00	0.27986
660.00	0.28021
661.00	0.28068
662.00	0.28081
663.00	0.28104
664.00	0.28130
665.00	0.28120
666.00	0.28093
667.00	0.28141
668.00	0.28124
669.00	0.28114
670.00	0.28057
671.00	0.28056
672.00	0.28000
673.00	0.27961
674.00	0.27932
675.00	0.27887
676.00	0.27835
677.00	0.27767
678.00	0.27679
679.00	0.27594
680.00	0.27506
681.00	0.27392
682.00	0.27276
683.00	0.27159
684.00	0.27015
685.00	0.26865
686.00	0.26722
687.00	0.26549
688.00	0.26378
689.00	0.26197
690.00	0.25995
691.00	0.25800
692.00	0.25573
693.00	0.25328
694.00	0.25109
695.00	0.24867
696.00	0.24609
697.00	0.24327
698.00	0.24058
699.00	0.23778
700.00	0.23483
701.00	0.23200
702.00	0.22874
703.00	0.22568
704.00	0.22256
705.00	0.21917
706.00	0.21613
707.00	0.21264
708.00	0.20919
709.00	0.20591
710.00	0.20235
711.00	0.19881
712.00	0.19529
713.00	0.19172
714.00	0.18826
715.00	0.18478
716.00	0.18120
717.00	0.17763
718.00	0.17397
719.00	0.17050
720.00	0.16699
721.00	0.16343
722.00	0.15986
723.00	0.15640
724.00	0.15291
725.00	0.14950
726.00	0.14598
727.00	0.14257
728.00	0.13917
729.00	0.13589
730.00	0.13257
731.00	0.12931
732.00	0.12617
733.00	0.12294
734.00	0.11989
735.00	0.11674
736.00	0.11380
737.00	0.11066
738.00	0.10788
739.00	0.10492
740.00	0.10214
741.00	0.099487
742.00	0.096656
743.00	0.094104
744.00	0.091388
745.00	0.089004
746.00	0.086396
747.00	0.083919
748.00	0.081511
749.00	0.079325
750.00	0.076932
751.00	0.074662
752.00	0.072536
753.00	0.070426
754.00	0.068309
755.00	0.066320
756.00	0.064247
757.00	0.062239
758.00	0.060396
759.00	0.058669
760.00	0.056745
761.00	0.055034
762.00	0.053395
763.00	0.051695
764.00	0.050074
765.00	0.048422
766.00	0.047020
767.00	0.045557
768.00	0.044068
769.00	0.042615
770.00	0.041431
771.00	0.039915
772.00	0.038682
773.00	0.037534
774.00	0.036321
775.00	0.035058
776.00	0.033968
777.00	0.032899
778.00	0.031741
779.00	0.030759
780.00	0.029720
781.00	0.028734
782.00	0.027836
783.00	0.026986
784.00	0.026134
785.00	0.025280
786.00	0.024488
787.00	0.023624
788.00	0.022891
789.00	0.022221
790.00	0.021572
791.00	0.020748
792.00	0.020095
793.00	0.019606
794.00	0.018928
795.00	0.018301
796.00	0.017816
797.00	0.017142
798.00	0.016795
799.00	0.016138
800.00	0.015687
801.00	0.015210
802.00	0.014753
803.00	0.014250
804.00	0.013940
805.00	0.013449
806.00	0.013020
807.00	0.012750
808.00	0.012326
809.00	0.012021
810.00	0.011543
811.00	0.011201
812.00	0.011054
813.00	0.010615
814.00	0.010392
815.00	0.010075
816.00	0.0098376
817.00	0.0096434
818.00	0.0094492
819.00	0.0091079
820.00	0.0087879
821.00	0.0087740
822.00	0.0085577
823.00	0.0082605
824.00	0.0080509
825.00	0.0078677
826.00	0.0077199
827.00	0.0075595
828.00	0.0074852
829.00	0.0071800
830.00	0.0069990
831.00	0.0069232
832.00	0.0067496
833.00	0.0065871
834.00	0.0064010
835.00	0.0063032
836.00	0.0061752
837.00	0.0060862
838.00	0.0060729
839.00	0.0058331
840.00	0.0056867
841.00	0.0057309
842.00	0.0055404
843.00	0.0054484
844.00	0.0052741
845.00	0.0052417
846.00	0.0052726
847.00	0.0051733
848.00	0.0049467
849.00	0.0048430
850.00	0.0049416
851.00	0.0048048
852.00	0.0047651
853.00	0.0044826
854.00	0.0045275
855.00	0.0044716
856.00	0.0043980
857.00	0.0043598
858.00	0.0041685
859.00	0.0041928
860.00	0.0041847
861.00	0.0040162
862.00	0.0041715
863.00	0.0040464
864.00	0.0038934
865.00	0.0039243
866.00	0.0039728
867.00	0.0039464
868.00	0.0037183
869.00	0.0038802
870.00	0.0038301
871.00	0.0037926
872.00	0.0037801
873.00	0.0036124
874.00	0.0037036
875.00	0.0036646
876.00	0.0036661
877.00	0.0033991
878.00	0.0034896
879.00	0.0035536
880.00	0.0035793
881.00	0.0034881
882.00	0.0034550
883.00	0.0034969
884.00	0.0034241
885.00	0.0034396
886.00	0.0033564
887.00	0.0033520
888.00	0.0034013
889.00	0.0034499
890.00	0.0033954
891.00	0.0032174
892.00	0.0032490
893.00	0.0034462
894.00	0.0033116
895.00	0.0032571
896.00	0.0031461
897.00	0.0032123
898.00	0.0033505
899.00	0.0032836
900.00	0.0032439
