Wavelength (nm)	S01 abs N
360.00	0.28692
360.25	0.29704
360.50	0.29800
360.75	0.29629
361.00	0.29519
361.25	0.29445
361.50	0.29757
361.75	0.29314
362.00	0.29098
362.25	0.28992
362.50	0.28489
362.75	0.28615
363.00	0.28636
363.25	0.28319
363.50	0.27861
363.75	0.27663
364.00	0.27671
364.25	0.27565
364.50	0.27144
364.75	0.26585
365.00	0.26538
365.25	0.26075
365.50	0.25659
365.75	0.25555
366.00	0.25798
366.25	0.25248
366.50	0.25251
366.75	0.24696
367.00	0.24714
367.25	0.24270
367.50	0.23931
367.75	0.23556
368.00	0.23416
368.25	0.22875
368.50	0.22910
368.75	0.22858
369.00	0.22455
369.25	0.22277
369.50	0.22305
369.75	0.21755
370.00	0.21547
370.25	0.21346
370.50	0.21204
370.75	0.20411
371.00	0.20539
371.25	0.20108
371.50	0.20000
371.75	0.19725
372.00	0.19722
372.25	0.19331
372.50	0.19310
372.75	0.19457
373.00	0.19023
373.25	0.18888
373.50	0.18817
373.75	0.18335
374.00	0.18557
374.25	0.18191
374.50	0.17869
374.75	0.17919
375.00	0.17824
375.25	0.17624
375.50	0.17561
375.75	0.17311
376.00	0.16931
376.25	0.16769
376.50	0.16311
376.75	0.16304
377.00	0.15998
377.25	0.16178
377.50	0.15891
377.75	0.15956
378.00	0.15706
378.25	0.15880
378.50	0.15621
378.75	0.15304
379.00	0.15139
379.25	0.14926
379.50	0.14981
379.75	0.14763
380.00	0.14599
380.25	0.14407
380.50	0.14286
380.75	0.14328
381.00	0.13962
381.25	0.14065
381.50	0.13758
381.75	0.13698
382.00	0.13592
382.25	0.13496
382.50	0.13421
382.75	0.13282
383.00	0.13559
383.25	0.13195
383.50	0.13295
383.75	0.13047
384.00	0.12930
384.25	0.12792
384.50	0.12898
384.75	0.12794
385.00	0.12624
385.25	0.12515
385.50	0.12526
385.75	0.12396
386.00	0.12164
386.25	0.12165
386.50	0.12037
386.75	0.12031
387.00	0.11736
387.25	0.11800
387.50	0.11644
387.75	0.11556
388.00	0.11522
388.25	0.11659
388.50	0.11450
388.75	0.11195
389.00	0.11357
389.25	0.11027
389.50	0.11056
389.75	0.10989
390.00	0.10809
390.25	0.11102
390.50	0.10868
390.75	0.11051
391.00	0.10906
391.25	0.10723
391.50	0.10773
391.75	0.10603
392.00	0.10707
392.25	0.10563
392.50	0.10571
392.75	0.10570
393.00	0.10482
393.25	0.10480
393.50	0.10244
393.75	0.10356
394.00	0.10240
394.25	0.10024
394.50	0.10035
394.75	0.10066
395.00	0.098730
395.25	0.098638
395.50	0.098429
395.75	0.099118
396.00	0.096431
396.25	0.098392
396.50	0.097870
396.75	0.097157
397.00	0.095853
397.25	0.096425
397.50	0.097525
397.75	0.096327
398.00	0.093726
398.25	0.094937
398.50	0.094224
398.75	0.092534
399.00	0.096142
399.25	0.094200
399.50	0.094667
399.75	0.093265
400.00	0.093247
400.25	0.092780
400.50	0.092196
400.75	0.090481
401.00	0.091323
401.25	0.090942
401.50	0.090333
401.75	0.090468
402.00	0.089079
402.25	0.090081
402.50	0.086786
402.75	0.086663
403.00	0.086079
403.25	0.085071
403.50	0.085434
403.75	0.085975
404.00	0.084757
404.25	0.087548
404.50	0.085262
404.75	0.084751
405.00	0.084684
405.25	0.083878
405.50	0.083245
405.75	0.083485
406.00	0.081340
406.25	0.082483
406.50	0.081911
406.75	0.083565
407.00	0.081518
407.25	0.079569
407.50	0.081340
407.75	0.080301
408.00	0.082089
408.25	0.080952
408.50	0.081210
408.75	0.079772
409.00	0.081315
409.25	0.080411
409.50	0.078247
409.75	0.078936
410.00	0.075745
410.25	0.078850
410.50	0.077172
410.75	0.076090
411.00	0.077682
411.25	0.075752
411.50	0.076637
411.75	0.075973
412.00	0.076206
412.25	0.075051
412.50	0.075881
412.75	0.076237
413.00	0.074301
413.25	0.073631
413.50	0.073164
413.75	0.073508
414.00	0.071264
414.25	0.071535
414.50	0.071172
414.75	0.072125
415.00	0.071172
415.25	0.071903
415.50	0.072143
415.75	0.071141
416.00	0.071221
416.25	0.070957
416.50	0.070717
416.75	0.069063
417.00	0.069401
417.25	0.068781
417.50	0.068240
417.75	0.067502
418.00	0.066906
418.25	0.068110
418.50	0.067281
418.75	0.065977
419.00	0.066924
419.25	0.065934
419.50	0.065916
419.75	0.065197
420.00	0.065344
420.25	0.064699
420.50	0.063863
420.75	0.062947
421.00	0.062787
421.25	0.062584
421.50	0.061883
421.75	0.060660
422.00	0.061238
422.25	0.061785
422.50	0.060635
422.75	0.059627
423.00	0.059086
423.25	0.059252
423.50	0.059191
423.75	0.059049
424.00	0.058428
424.25	0.057396
424.50	0.057414
424.75	0.058035
425.00	0.056295
425.25	0.056369
425.50	0.057543
425.75	0.056775
426.00	0.055871
426.25	0.056056
426.50	0.055478
426.75	0.055877
427.00	0.054931
427.25	0.054580
427.50	0.054039
427.75	0.053351
428.00	0.052976
428.25	0.051095
428.50	0.051168
428.75	0.052496
429.00	0.050966
429.25	0.049619
429.50	0.049330
429.75	0.049128
430.00	0.048875
430.25	0.049939
430.50	0.047806
430.75	0.047708
431.00	0.049085
431.25	0.048328
431.50	0.046736
431.75	0.046441
432.00	0.045107
432.25	0.045869
432.50	0.045992
432.75	0.046134
433.00	0.046367
433.25	0.045740
433.50	0.045925
433.75	0.045083
434.00	0.044456
434.25	0.044019
434.50	0.043238
434.75	0.044179
435.00	0.042101
435.25	0.041167
435.50	0.042372
435.75	0.041320
436.00	0.041954
436.25	0.041314
436.50	0.040466
436.75	0.039993
437.00	0.040146
437.25	0.039458
437.50	0.040097
437.75	0.038843
438.00	0.037521
438.25	0.038105
438.50	0.037749
438.75	0.036827
439.00	0.036630
439.25	0.036452
439.50	0.036212
439.75	0.035683
440.00	0.036716
440.25	0.036630
440.50	0.036206
440.75	0.034374
441.00	0.034362
441.25	0.033765
441.50	0.033507
441.75	0.033864
442.00	0.034079
442.25	0.033489
442.50	0.034011
442.75	0.032511
443.00	0.032659
443.25	0.032493
443.50	0.030606
443.75	0.030501
444.00	0.031847
444.25	0.031411
444.50	0.030925
444.75	0.030237
445.00	0.029136
445.25	0.030268
445.50	0.029499
445.75	0.029524
446.00	0.028995
446.25	0.028595
446.50	0.028970
446.75	0.028110
447.00	0.027538
447.25	0.026782
447.50	0.028694
447.75	0.026542
448.00	0.027753
448.25	0.027956
448.50	0.026684
448.75	0.027354
449.00	0.025460
449.25	0.026905
449.50	0.026284
449.75	0.026044
450.00	0.025227
450.25	0.025301
450.50	0.025632
450.75	0.024827
451.00	0.024796
451.25	0.025448
451.50	0.024403
451.75	0.024040
452.00	0.024059
452.25	0.023647
452.50	0.023967
452.75	0.024046
453.00	0.023960
453.25	0.024003
453.50	0.022639
453.75	0.022135
454.00	0.021170
454.25	0.021963
454.50	0.021243
454.75	0.021618
455.00	0.021348
455.25	0.020905
455.50	0.022202
455.75	0.021206
456.00	0.020432
456.25	0.021581
456.50	0.020887
456.75	0.020450
457.00	0.020432
457.25	0.020131
457.50	0.020137
457.75	0.020573
458.00	0.020247
458.25	0.019645
458.50	0.019713
458.75	0.018815
459.00	0.018588
459.25	0.018071
459.50	0.017426
459.75	0.017961
460.00	0.017524
460.25	0.017198
460.50	0.017364
460.75	0.017205
461.00	0.017862
461.25	0.017383
461.50	0.016879
461.75	0.016246
462.00	0.016719
462.25	0.016866
462.50	0.016707
462.75	0.017198
463.00	0.015200
463.25	0.014905
463.50	0.015864
463.75	0.015483
464.00	0.014653
464.25	0.014660
464.50	0.015004
464.75	0.014795
465.00	0.013836
465.25	0.014604
465.50	0.014321
465.75	0.013258
466.00	0.014045
466.25	0.013473
466.50	0.013074
466.75	0.014014
467.00	0.013455
467.25	0.014383
467.50	0.013701
467.75	0.012858
468.00	0.013332
468.25	0.011764
468.50	0.013805
468.75	0.013209
469.00	0.012957
469.25	0.012483
469.50	0.013473
469.75	0.012533
470.00	0.011985
470.25	0.011414
470.50	0.012022
470.75	0.012379
471.00	0.011936
471.25	0.011033
471.50	0.010252
471.75	0.010252
472.00	0.0098523
472.25	0.0095204
472.50	0.010332
472.75	0.0093974
473.00	0.0095511
473.25	0.010086
473.50	0.010522
473.75	0.0099814
474.00	0.0099322
474.25	0.010166
474.50	0.0098830
474.75	0.010098
475.00	0.0089855
475.25	0.0098646
475.50	0.0082110
475.75	0.0078729
476.00	0.0083155
476.25	0.0082356
476.50	0.0086228
476.75	0.0084261
477.00	0.0088134
477.25	0.0086474
477.50	0.0082294
477.75	0.0095941
478.00	0.0092007
478.25	0.0088749
478.50	0.0089364
478.75	0.0092929
479.00	0.0084077
479.25	0.0086536
479.50	0.0083647
479.75	0.0075471
480.00	0.0075040
480.25	0.0073073
480.50	0.0083524
480.75	0.0073688
481.00	0.0084876
481.25	0.0079958
481.50	0.0063115
481.75	0.0068647
482.00	0.0056168
482.25	0.0076270
482.50	0.0072090
482.75	0.0077008
483.00	0.0084077
483.25	0.0077868
483.50	0.0080327
483.75	0.0066619
484.00	0.0077069
484.25	0.0070184
484.50	0.0070676
484.75	0.0058688
485.00	0.0058320
485.25	0.0059611
485.50	0.0066004
485.75	0.0056291
486.00	0.0060779
486.25	0.0063545
486.50	0.0052480
486.75	0.0049529
487.00	0.0059856
487.25	0.0054631
487.50	0.0073811
487.75	0.0050574
488.00	0.0066188
488.25	0.0058566
488.50	0.0055553
488.75	0.0047254
489.00	0.0050021
489.25	0.0050451
489.50	0.0051619
489.75	0.0056844
490.00	0.0055246
490.25	0.0044857
490.50	0.0059242
490.75	0.0056783
491.00	0.0063176
491.25	0.0045349
491.50	0.0051373
491.75	0.0047009
492.00	0.0045841
492.25	0.0048730
492.50	0.0053832
492.75	0.0056537
493.00	0.0058381
493.25	0.0059180
493.50	0.0054939
493.75	0.0050144
494.00	0.0050451
494.25	0.0057643
494.50	0.0053525
494.75	0.0038095
495.00	0.0045841
495.25	0.0048361
495.50	0.0053832
495.75	0.0043320
496.00	0.0048853
496.25	0.0050574
496.50	0.0040923
496.75	0.0054693
497.00	0.0058996
497.25	0.0058566
497.50	0.0054939
497.75	0.0034345
498.00	0.0027030
498.25	0.0036927
498.50	0.0045656
498.75	0.0036312
499.00	0.0032071
499.25	0.0041537
499.50	0.0037788
499.75	0.0040677
500.00	0.0045349
500.25	0.0040090
500.50	0.0044236
500.75	0.0037994
501.00	0.0043246
501.25	0.0054770
501.50	0.0049142
501.75	0.0057899
502.00	0.0066410
502.25	0.0040495
502.50	0.0049867
502.75	0.0055181
503.00	0.0040210
503.25	0.0057388
503.50	0.0048134
503.75	0.0046133
504.00	0.0029071
504.25	0.0043729
504.50	0.0041421
504.75	0.0033949
505.00	0.0050881
505.25	0.0045807
505.50	0.0059359
505.75	0.0052501
506.00	0.0042570
506.25	0.0052864
506.50	0.0043117
506.75	0.0041977
507.00	0.0049750
507.25	0.0049901
507.50	0.0049560
507.75	0.0031637
508.00	0.0041439
508.25	0.0045401
508.50	0.0061043
508.75	0.0042629
509.00	0.0058824
509.25	0.0057622
509.50	0.0063920
509.75	0.0052759
510.00	0.0056230
510.25	0.0066400
510.50	0.0055424
510.75	0.0063751
511.00	0.0056709
511.25	0.0057167
511.50	0.0063096
511.75	0.0058329
512.00	0.0044587
512.25	0.0050823
512.50	0.0054785
512.75	0.0071595
513.00	0.0071868
513.25	0.0072265
513.50	0.0077333
513.75	0.0071337
514.00	0.0062020
514.25	0.0074896
514.50	0.0056605
514.75	0.0063702
515.00	0.0064467
515.25	0.0059208
515.50	0.0065076
515.75	0.0065718
516.00	0.0073245
516.25	0.0066327
516.50	0.0072932
516.75	0.0064476
517.00	0.0064135
517.25	0.0086846
517.50	0.0079989
517.75	0.0090467
518.00	0.0071192
518.25	0.0086035
518.50	0.0079239
518.75	0.0094020
519.00	0.0085257
519.25	0.0074834
519.50	0.0083161
519.75	0.0074275
520.00	0.0087335
520.25	0.0074392
520.50	0.0098148
520.75	0.0095717
521.00	0.010177
521.25	0.0080896
521.50	0.0089407
521.75	0.0098102
522.00	0.0088171
522.25	0.0089858
522.50	0.0089394
522.75	0.0095631
523.00	0.0099347
523.25	0.0096424
523.50	0.0095222
523.75	0.0097094
524.00	0.0080339
524.25	0.0095182
524.50	0.0088878
524.75	0.0089705
525.00	0.0086351
525.25	0.0093817
525.50	0.0095013
525.75	0.0086127
526.00	0.010484
526.25	0.010665
526.50	0.0099857
526.75	0.010413
527.00	0.011854
527.25	0.010615
527.50	0.011165
527.75	0.010553
528.00	0.010838
528.25	0.011462
528.50	0.010186
528.75	0.010472
529.00	0.0096937
529.25	0.012057
529.50	0.010050
529.75	0.011054
530.00	0.011586
530.25	0.012437
530.50	0.013847
530.75	0.011299
531.00	0.012519
531.25	0.012171
531.50	0.012654
531.75	0.011956
532.00	0.012475
532.25	0.012016
532.50	0.011128
532.75	0.012102
533.00	0.0096826
533.25	0.011855
533.50	0.011342
533.75	0.013158
534.00	0.012884
534.25	0.011910
534.50	0.011125
534.75	0.010999
535.00	0.012071
535.25	0.013445
535.50	0.011991
535.75	0.013242
536.00	0.013460
536.25	0.014255
536.50	0.011492
536.75	0.014076
537.00	0.013028
537.25	0.014088
537.50	0.013519
537.75	0.013067
538.00	0.014121
538.25	0.013896
538.50	0.012909
538.75	0.012304
539.00	0.014728
539.25	0.015192
539.50	0.013363
539.75	0.015155
540.00	0.015262
540.25	0.015664
540.50	0.013436
540.75	0.012983
541.00	0.013054
541.25	0.013960
541.50	0.014301
541.75	0.014642
542.00	0.015321
542.25	0.016344
542.50	0.016869
542.75	0.016018
543.00	0.015855
543.25	0.015323
543.50	0.016856
543.75	0.016152
544.00	0.016935
544.25	0.017473
544.50	0.016756
544.75	0.018560
545.00	0.017377
545.25	0.018467
545.50	0.019011
545.75	0.019764
546.00	0.019718
546.25	0.019265
546.50	0.020424
546.75	0.020998
547.00	0.020798
547.25	0.021342
547.50	0.019273
547.75	0.021237
548.00	0.021701
548.25	0.021236
548.50	0.022684
548.75	0.022397
549.00	0.024109
549.25	0.023012
549.50	0.023020
549.75	0.024111
550.00	0.023782
550.25	0.024141
550.50	0.025195
550.75	0.024528
551.00	0.024033
551.25	0.024153
551.50	0.025766
551.75	0.025295
552.00	0.024726
552.25	0.025221
552.50	0.026213
552.75	0.026825
553.00	0.027787
553.25	0.028349
553.50	0.027522
553.75	0.026676
554.00	0.027816
554.25	0.027524
554.50	0.026500
554.75	0.027677
555.00	0.026401
555.25	0.026859
555.50	0.026917
555.75	0.027393
556.00	0.027912
556.25	0.027411
556.50	0.026061
556.75	0.026082
557.00	0.026700
557.25	0.026020
557.50	0.027640
557.75	0.029025
558.00	0.029428
558.25	0.028330
558.50	0.028616
558.75	0.026479
559.00	0.027281
559.25	0.027401
559.50	0.027631
559.75	0.026835
560.00	0.028122
560.25	0.029188
560.50	0.028669
560.75	0.027928
561.00	0.028668
561.25	0.028161
561.50	0.029424
561.75	0.029703
562.00	0.030880
562.25	0.030133
562.50	0.030689
562.75	0.029019
563.00	0.028401
563.25	0.027949
563.50	0.028259
563.75	0.029473
564.00	0.029716
564.25	0.030290
564.50	0.030299
564.75	0.030775
565.00	0.030452
565.25	0.030412
565.50	0.030753
565.75	0.030731
566.00	0.031354
566.25	0.032236
566.50	0.032805
566.75	0.033066
567.00	0.035503
567.25	0.032579
567.50	0.033658
567.75	0.032812
568.00	0.031266
568.25	0.033014
568.50	0.032237
568.75	0.033924
569.00	0.035088
569.25	0.036025
569.50	0.035739
569.75	0.037912
570.00	0.035905
570.25	0.037911
570.50	0.039058
570.75	0.038636
571.00	0.039998
571.25	0.040603
571.50	0.041337
571.75	0.040799
572.00	0.042209
572.25	0.041235
572.50	0.042719
572.75	0.042347
573.00	0.042534
573.25	0.043422
573.50	0.042871
573.75	0.044368
574.00	0.044672
574.25	0.044306
574.50	0.045729
574.75	0.046113
575.00	0.047314
575.25	0.046161
575.50	0.046914
575.75	0.046929
576.00	0.048180
576.25	0.047150
576.50	0.047902
576.75	0.049282
577.00	0.048818
577.25	0.050284
577.50	0.049598
577.75	0.050578
578.00	0.050784
578.25	0.051327
578.50	0.050513
578.75	0.049685
579.00	0.050678
579.25	0.050650
579.50	0.051335
579.75	0.051067
580.00	0.052078
580.25	0.051688
580.50	0.051543
580.75	0.052597
581.00	0.052022
581.25	0.051840
581.50	0.052083
581.75	0.051741
582.00	0.052402
582.25	0.052835
582.50	0.053483
582.75	0.053689
583.00	0.055536
583.25	0.055532
583.50	0.055775
583.75	0.057142
584.00	0.056260
584.25	0.057080
584.50	0.056486
584.75	0.058930
585.00	0.058951
585.25	0.059193
585.50	0.060290
585.75	0.060699
586.00	0.061390
586.25	0.062395
586.50	0.063713
586.75	0.065960
587.00	0.067727
587.25	0.066918
587.50	0.068421
587.75	0.068885
588.00	0.070031
588.25	0.072911
588.50	0.073842
588.75	0.076869
589.00	0.078900
589.25	0.080969
589.50	0.081156
589.75	0.081859
590.00	0.084173
590.25	0.086770
590.50	0.088150
590.75	0.089063
591.00	0.092078
591.25	0.095111
591.50	0.097007
591.75	0.099881
592.00	0.10313
592.25	0.10546
592.50	0.10739
592.75	0.11106
593.00	0.11188
593.25	0.11575
593.50	0.11929
593.75	0.12264
594.00	0.12607
594.25	0.12946
594.50	0.13372
594.75	0.13725
595.00	0.13987
595.25	0.14417
595.50	0.14766
595.75	0.15041
596.00	0.15297
596.25	0.15518
596.50	0.15625
596.75	0.15926
597.00	0.16160
597.25	0.16306
597.50	0.16522
597.75	0.16831
598.00	0.16972
598.25	0.17044
598.50	0.17176
598.75	0.17312
599.00	0.17342
599.25	0.17484
599.50	0.17519
599.75	0.17457
600.00	0.17700
600.25	0.17792
600.50	0.17846
600.75	0.17857
601.00	0.17885
601.25	0.17850
601.50	0.17701
601.75	0.17784
602.00	0.17592
602.25	0.17857
602.50	0.17704
602.75	0.17764
603.00	0.17726
603.25	0.17648
603.50	0.17599
603.75	0.17461
604.00	0.17309
604.25	0.17277
604.50	0.17308
604.75	0.17176
605.00	0.17110
605.25	0.17197
605.50	0.17017
605.75	0.17050
606.00	0.16909
606.25	0.16981
606.50	0.16674
606.75	0.16689
607.00	0.16516
607.25	0.16316
607.50	0.16401
607.75	0.16234
608.00	0.16221
608.25	0.15911
608.50	0.15858
608.75	0.15745
609.00	0.15622
609.25	0.15440
609.50	0.15393
609.75	0.15547
610.00	0.15267
610.25	0.15261
610.50	0.14983
610.75	0.14987
611.00	0.14879
611.25	0.14813
611.50	0.14736
611.75	0.14583
612.00	0.14660
612.25	0.14464
612.50	0.14498
612.75	0.14360
613.00	0.14219
613.25	0.14309
613.50	0.14169
613.75	0.14233
614.00	0.14118
614.25	0.14292
614.50	0.14165
614.75	0.14127
615.00	0.14145
615.25	0.14038
615.50	0.13995
615.75	0.13930
616.00	0.13945
616.25	0.13790
616.50	0.13835
616.75	0.13904
617.00	0.13744
617.25	0.13736
617.50	0.13638
617.75	0.13566
618.00	0.13579
618.25	0.13554
618.50	0.13485
618.75	0.13395
619.00	0.13471
619.25	0.13230
619.50	0.13419
619.75	0.13314
620.00	0.13322
620.25	0.13293
620.50	0.13200
620.75	0.13248
621.00	0.13149
621.25	0.13233
621.50	0.13277
621.75	0.13338
622.00	0.13503
622.25	0.13574
622.50	0.13618
622.75	0.13646
623.00	0.13742
623.25	0.13972
623.50	0.14015
623.75	0.14294
624.00	0.14594
624.25	0.14684
624.50	0.14931
624.75	0.15151
625.00	0.15351
625.25	0.15694
625.50	0.16058
625.75	0.16516
626.00	0.16804
626.25	0.17082
626.50	0.17478
626.75	0.17913
627.00	0.18148
627.25	0.18572
627.50	0.19021
627.75	0.19487
628.00	0.19937
628.25	0.20221
628.50	0.20712
628.75	0.21071
629.00	0.21633
629.25	0.21848
629.50	0.22246
629.75	0.22611
630.00	0.22978
630.25	0.23388
630.50	0.23589
630.75	0.23895
631.00	0.24206
631.25	0.24461
631.50	0.24610
631.75	0.24840
632.00	0.25113
632.25	0.25342
632.50	0.25533
632.75	0.25554
633.00	0.25815
633.25	0.25802
633.50	0.26050
633.75	0.26093
634.00	0.26122
634.25	0.26332
634.50	0.26249
634.75	0.26269
635.00	0.26226
635.25	0.26365
635.50	0.26135
635.75	0.26167
636.00	0.26121
636.25	0.26070
636.50	0.26223
636.75	0.25957
637.00	0.26090
637.25	0.25912
637.50	0.26180
637.75	0.26008
638.00	0.26040
638.25	0.25994
638.50	0.25868
638.75	0.26002
639.00	0.25862
639.25	0.25817
639.50	0.25857
639.75	0.25812
640.00	0.25904
640.25	0.25749
640.50	0.25907
640.75	0.25794
641.00	0.25975
641.25	0.25825
641.50	0.25825
641.75	0.25883
642.00	0.25921
642.25	0.26020
642.50	0.25882
642.75	0.26061
643.00	0.26015
643.25	0.26075
643.50	0.26117
643.75	0.26110
644.00	0.26216
644.25	0.26263
644.50	0.26245
644.75	0.26177
645.00	0.26128
645.25	0.26165
645.50	0.26155
645.75	0.26093
646.00	0.26173
646.25	0.26148
646.50	0.26075
646.75	0.26003
647.00	0.25960
647.25	0.25851
647.50	0.25676
647.75	0.25627
648.00	0.25407
648.25	0.25450
648.50	0.25378
648.75	0.25362
649.00	0.25175
649.25	0.25163
649.50	0.25307
649.75	0.25446
650.00	0.25480
650.25	0.25536
650.50	0.25631
650.75	0.25890
651.00	0.25961
651.25	0.26050
651.50	0.26377
651.75	0.26754
652.00	0.26973
652.25	0.27445
652.50	0.27817
652.75	0.28393
653.00	0.28991
653.25	0.29653
653.50	0.30293
653.75	0.30587
654.00	0.31351
654.25	0.31984
654.50	0.32878
654.75	0.33966
655.00	0.34983
655.25	0.36237
655.50	0.37497
655.75	0.38897
656.00	0.40335
656.25	0.41872
656.50	0.43517
656.75	0.45379
657.00	0.47038
657.25	0.48862
657.50	0.50816
657.75	0.52612
658.00	0.54700
658.25	0.56920
658.50	0.59035
658.75	0.61152
659.00	0.63282
659.25	0.65450
659.50	0.67453
659.75	0.69564
660.00	0.71564
660.25	0.73475
660.50	0.75455
660.75	0.77067
661.00	0.78816
661.25	0.80366
661.50	0.81757
661.75	0.83015
662.00	0.83891
662.25	0.84951
662.50	0.85808
662.75	0.86145
663.00	0.86767
663.25	0.86890
663.50	0.86942
663.75	0.86922
664.00	0.86830
664.25	0.86446
664.50	0.85756
664.75	0.85144
665.00	0.84200
665.25	0.83653
665.50	0.82522
665.75	0.81291
666.00	0.80174
666.25	0.78997
666.50	0.77742
666.75	0.75945
667.00	0.74499
667.25	0.73307
667.50	0.71667
667.75	0.70086
668.00	0.68822
668.25	0.67288
668.50	0.65660
668.75	0.64282
669.00	0.62709
669.25	0.61341
669.50	0.59829
669.75	0.58432
670.00	0.56975
670.25	0.55576
670.50	0.54399
670.75	0.53240
671.00	0.51713
671.25	0.50457
671.50	0.49095
671.75	0.47945
672.00	0.46724
672.25	0.45577
672.50	0.44592
672.75	0.43436
673.00	0.42407
673.25	0.41432
673.50	0.40520
673.75	0.39452
674.00	0.38601
674.25	0.37480
674.50	0.36237
674.75	0.34904
675.00	0.33717
675.25	0.32746
675.50	0.31804
675.75	0.30801
676.00	0.30209
676.25	0.29242
676.50	0.28527
676.75	0.27763
677.00	0.26991
677.25	0.26457
677.50	0.25700
677.75	0.25150
678.00	0.24367
678.25	0.23956
678.50	0.23416
678.75	0.22858
679.00	0.22398
679.25	0.21980
679.50	0.21758
679.75	0.21237
680.00	0.20993
680.25	0.20576
680.50	0.20366
680.75	0.20184
681.00	0.19844
681.25	0.19804
681.50	0.19541
681.75	0.19582
682.00	0.19501
682.25	0.19585
682.50	0.19561
682.75	0.19666
683.00	0.19782
683.25	0.19955
683.50	0.20193
683.75	0.20413
684.00	0.20825
684.25	0.21068
684.50	0.21513
684.75	0.21972
685.00	0.22500
685.25	0.23124
685.50	0.23747
685.75	0.24512
686.00	0.25233
686.25	0.26128
686.50	0.27047
686.75	0.27964
687.00	0.29065
687.25	0.30153
687.50	0.31308
687.75	0.32445
688.00	0.33697
688.25	0.35102
688.50	0.36609
688.75	0.38232
689.00	0.39725
689.25	0.41391
689.50	0.43144
689.75	0.44867
690.00	0.46607
690.25	0.48550
690.50	0.50510
690.75	0.52498
691.00	0.54369
691.25	0.56626
691.50	0.58741
691.75	0.60721
692.00	0.62959
692.25	0.65019
692.50	0.67327
692.75	0.69364
693.00	0.71501
693.25	0.73561
693.50	0.75066
693.75	0.76545
694.00	0.77726
694.25	0.79389
694.50	0.81081
694.75	0.83100
695.00	0.84774
695.25	0.86427
695.50	0.88198
695.75	0.89933
696.00	0.91608
696.25	0.92981
696.50	0.94067
696.75	0.95250
697.00	0.96032
697.25	0.96952
697.50	0.97698
697.75	0.98588
698.00	0.99265
698.25	0.99436
698.50	1.0000
698.75	0.99656
699.00	0.99664
699.25	0.99534
699.50	0.99371
699.75	0.98404
700.00	0.98134
700.25	0.97107
700.50	0.96159
700.75	0.95116
701.00	0.93819
701.25	0.92576
701.50	0.91102
701.75	0.89559
702.00	0.88039
702.25	0.86303
702.50	0.84729
702.75	0.82653
703.00	0.80771
703.25	0.78847
703.50	0.76849
703.75	0.74672
704.00	0.72464
704.25	0.70662
704.50	0.68650
704.75	0.66542
705.00	0.64509
705.25	0.62196
705.50	0.60213
705.75	0.58053
706.00	0.55982
706.25	0.53864
706.50	0.51888
706.75	0.49932
707.00	0.47963
707.25	0.46262
707.50	0.44410
707.75	0.42606
708.00	0.41032
708.25	0.39150
708.50	0.37359
708.75	0.35905
709.00	0.34184
709.25	0.32762
709.50	0.31268
709.75	0.30066
710.00	0.28614
710.25	0.27223
710.50	0.26063
710.75	0.24820
711.00	0.23423
711.25	0.22304
711.50	0.21327
711.75	0.20153
712.00	0.19256
712.25	0.18167
712.50	0.17409
712.75	0.16428
713.00	0.15628
713.25	0.14875
713.50	0.14237
713.75	0.13637
714.00	0.12883
714.25	0.12283
714.50	0.11533
714.75	0.10927
715.00	0.10042
715.25	0.094066
715.50	0.088730
715.75	0.084065
716.00	0.080714
716.25	0.075674
716.50	0.071739
716.75	0.068297
717.00	0.065610
717.25	0.061983
717.50	0.059850
717.75	0.056912
718.00	0.053986
718.25	0.052271
718.50	0.048564
718.75	0.048109
719.00	0.045146
719.25	0.044003
719.50	0.042306
719.75	0.038685
720.00	0.037302
720.25	0.036743
720.50	0.034228
720.75	0.033294
721.00	0.031228
721.25	0.030546
721.50	0.028683
721.75	0.026642
722.00	0.026563
722.25	0.024798
722.50	0.024675
722.75	0.025020
723.00	0.024399
723.25	0.022696
723.50	0.023132
723.75	0.022106
724.00	0.021325
724.25	0.020348
724.50	0.018811
724.75	0.017692
725.00	0.017618
725.25	0.016610
725.50	0.016407
725.75	0.015903
726.00	0.015135
726.25	0.014286
726.50	0.014286
726.75	0.014686
727.00	0.015086
727.25	0.014895
727.50	0.015092
727.75	0.012719
728.00	0.012067
728.25	0.012405
728.50	0.012879
728.75	0.011532
729.00	0.010905
729.25	0.012670
729.50	0.012313
729.75	0.012123
730.00	0.011416
730.25	0.012645
730.50	0.011121
730.75	0.011145
731.00	0.010180
731.25	0.010813
731.50	0.010746
731.75	0.010469
732.00	0.010500
732.25	0.010143
732.50	0.010493
732.75	0.010647
733.00	0.0094607
733.25	0.0087845
733.50	0.0097742
733.75	0.0092333
734.00	0.0086370
734.25	0.0087169
734.50	0.0090734
734.75	0.0096574
735.00	0.0094361
735.25	0.0089444
735.50	0.0083419
735.75	0.0078132
736.00	0.0081206
736.25	0.0072969
736.50	0.0080899
736.75	0.0082620
737.00	0.0087968
737.25	0.0080038
737.50	0.0078870
737.75	0.0084341
738.00	0.0074997
738.25	0.0081145
738.50	0.0079055
738.75	0.0068481
739.00	0.0088091
739.25	0.0076964
739.50	0.0078747
739.75	0.0075674
740.00	0.0082128
740.25	0.0070879
740.50	0.0075120
740.75	0.0069711
741.00	0.0068973
741.25	0.0065162
741.50	0.0072292
741.75	0.0063932
742.00	0.0058953
742.25	0.0062395
742.50	0.0044445
742.75	0.0044015
743.00	0.0031105
743.25	0.0044937
743.50	0.0061104
743.75	0.0061535
744.00	0.0053236
744.25	0.0049179
744.50	0.0053236
744.75	0.0050039
745.00	0.0041126
745.25	0.0057170
745.50	0.0038790
745.75	0.0045121
746.00	0.0035777
746.25	0.0046781
746.50	0.0043830
746.75	0.0044937
747.00	0.0032765
747.25	0.0036331
747.50	0.0037191
747.75	0.0034671
748.00	0.0040265
748.25	0.0043462
748.50	0.0044568
748.75	0.0045798
749.00	0.0048933
749.25	0.0032335
749.50	0.0022991
749.75	0.0017458
750.00	0.0026679
750.25	0.0021700
750.50	0.0026372
750.75	0.0030614
751.00	0.0028769
751.25	0.0042294
751.50	0.0035839
751.75	0.0037560
752.00	0.0028954
752.25	0.0031597
752.50	0.0034241
752.75	0.0020655
753.00	0.0028585
753.25	0.0025511
753.50	0.0040572
753.75	0.0036454
754.00	0.0044630
754.25	0.0034548
754.50	0.0034917
754.75	0.0029630
755.00	0.0030737
755.25	0.0039404
755.50	0.0018073
755.75	0.0029200
756.00	0.0028524
756.25	0.0033564
756.50	0.0033872
756.75	0.0024774
757.00	0.0033995
757.25	0.0023790
757.50	0.0032519
757.75	0.0036822
758.00	0.0040449
758.25	0.0028216
758.50	0.0025634
758.75	0.0031905
759.00	0.0020778
759.25	0.0032273
759.50	0.0035347
759.75	0.0031966
760.00	0.0024343
760.25	0.0026741
760.50	0.0039712
760.75	0.0021516
761.00	0.0027171
761.25	0.0025450
761.50	0.0036269
761.75	0.0024405
762.00	0.0041187
762.25	0.0026618
762.50	0.0033257
762.75	0.0033626
763.00	0.0028647
763.25	0.0045121
763.50	0.0034425
763.75	0.0028339
764.00	0.0021762
764.25	0.0026433
764.50	0.0030060
764.75	0.0027294
765.00	0.0046966
765.25	0.0027171
765.50	0.0027540
765.75	0.0022192
766.00	0.0031351
766.25	0.0033503
766.50	0.0027970
766.75	0.0024897
767.00	0.0019610
767.25	0.0014139
767.50	0.0017704
767.75	0.0018012
768.00	0.00097128
768.25	0.0020286
768.50	0.0022930
768.75	0.0017643
769.00	0.0034302
769.25	0.0027356
769.50	0.0038790
769.75	0.0026802
770.00	0.0038359
770.25	0.0026741
770.50	0.0018749
770.75	0.0037130
771.00	0.0023790
771.25	0.0024405
771.50	0.0026311
771.75	0.0026556
772.00	0.0027110
772.25	0.0017950
772.50	0.0024343
772.75	0.0015491
773.00	0.0010327
773.25	0.0019856
773.50	0.0032950
773.75	0.0032950
774.00	0.0035777
774.25	0.0033872
774.50	0.0023729
774.75	0.0025511
775.00	0.0016844
775.25	0.0027663
775.50	0.0038605
775.75	0.0030122
776.00	0.0037314
776.25	0.0020102
776.50	0.0019917
776.75	0.0021823
777.00	0.0014385
777.25	0.0026126
777.50	0.0012725
777.75	0.0023237
778.00	0.0017827
778.25	0.0017397
778.50	0.0027847
778.75	0.0025880
779.00	0.0033073
779.25	0.0028647
779.50	0.0040019
779.75	0.0027724
780.00	0.0039896
780.25	0.0031105
780.50	0.0037622
780.75	0.0026433
781.00	0.0028032
781.25	0.0023667
781.50	0.0014016
781.75	0.0029815
782.00	0.0017335
782.25	0.0028892
782.50	0.0015122
782.75	0.0018073
783.00	0.0020040
783.25	0.0020716
783.50	0.0015184
783.75	0.0016598
784.00	0.0020716
784.25	0.0023114
784.50	0.0022561
784.75	0.0030737
785.00	0.0017827
785.25	0.0021024
785.50	0.0022130
785.75	0.0018196
786.00	0.0010573
786.25	0.0022253
786.50	0.0025757
786.75	0.0019548
787.00	0.0017090
787.25	0.0030675
787.50	0.0021516
787.75	0.0031966
788.00	0.0027110
788.25	0.0033011
788.50	0.0033626
788.75	0.0035040
789.00	0.0034671
789.25	0.0022376
789.50	0.0019487
789.75	0.0016413
790.00	0.0026311
790.25	0.0020778
790.50	0.0022130
790.75	0.0022007
791.00	0.0026003
791.25	0.0029999
791.50	0.0029015
791.75	0.0027724
792.00	0.0034364
792.25	0.0039773
792.50	0.0022684
792.75	0.0023421
793.00	0.0024159
793.25	0.0023360
793.50	0.0027724
793.75	0.0018626
794.00	0.0032150
794.25	0.0015922
794.50	0.0031105
794.75	0.0016475
795.00	0.0019856
795.25	0.0029446
795.50	0.0013340
795.75	0.0025450
796.00	0.0022868
796.25	0.0028708
796.50	0.0029937
796.75	0.0033134
797.00	0.0042294
797.25	0.0042048
797.50	0.0037191
797.75	0.0033626
798.00	0.0035101
798.25	0.0030552
798.50	0.0036515
798.75	0.0027601
799.00	0.0024343
799.25	0.0028216
799.50	0.0036023
799.75	0.0041064
800.00	0.0034056
