Wavelength (nm)	S04 abs N
340.00	0.24304
340.25	0.24373
340.50	0.24213
340.75	0.24282
341.00	0.24391
341.25	0.24802
341.50	0.24487
341.75	0.24198
342.00	0.24562
342.25	0.24458
342.50	0.24849
342.75	0.25025
343.00	0.24934
343.25	0.24620
343.50	0.24993
343.75	0.24417
344.00	0.24816
344.25	0.24582
344.50	0.25328
344.75	0.24740
345.00	0.24579
345.25	0.24494
345.50	0.24633
345.75	0.24552
346.00	0.24987
346.25	0.24145
346.50	0.24607
346.75	0.24843
347.00	0.24621
347.25	0.24628
347.50	0.24906
347.75	0.24436
348.00	0.24242
348.25	0.24805
348.50	0.24307
348.75	0.24630
349.00	0.24262
349.25	0.24123
349.50	0.24278
349.75	0.24191
350.00	0.24044
350.25	0.23920
350.50	0.23978
350.75	0.24020
351.00	0.23995
351.25	0.23926
351.50	0.23790
351.75	0.23247
352.00	0.23458
352.25	0.23116
352.50	0.23581
352.75	0.23424
353.00	0.23336
353.25	0.23076
353.50	0.23246
353.75	0.23121
354.00	0.23262
354.25	0.23094
354.50	0.23225
354.75	0.23049
355.00	0.22828
355.25	0.22720
355.50	0.22531
355.75	0.22783
356.00	0.22593
356.25	0.22588
356.50	0.22195
356.75	0.22512
357.00	0.22374
357.25	0.22245
357.50	0.22265
357.75	0.22213
358.00	0.22130
358.25	0.21773
358.50	0.22028
358.75	0.21853
359.00	0.21693
359.25	0.21722
359.50	0.21971
359.75	0.21974
360.00	0.21757
360.25	0.21703
360.50	0.21485
360.75	0.21156
361.00	0.21204
361.25	0.21249
361.50	0.21114
361.75	0.21100
362.00	0.21021
362.25	0.21191
362.50	0.21036
362.75	0.20732
363.00	0.20725
363.25	0.20643
363.50	0.20702
363.75	0.20542
364.00	0.20610
364.25	0.20061
364.50	0.20292
364.75	0.20213
365.00	0.19958
365.25	0.20137
365.50	0.19677
365.75	0.19911
366.00	0.19690
366.25	0.19477
366.50	0.19576
366.75	0.19263
367.00	0.19373
367.25	0.19110
367.50	0.19218
367.75	0.18966
368.00	0.18871
368.25	0.18838
368.50	0.18750
368.75	0.18459
369.00	0.18327
369.25	0.18301
369.50	0.18247
369.75	0.18015
370.00	0.17813
370.25	0.17966
370.50	0.17768
370.75	0.17531
371.00	0.17552
371.25	0.17255
371.50	0.17334
371.75	0.16953
372.00	0.16901
372.25	0.16906
372.50	0.16952
372.75	0.16702
373.00	0.16521
373.25	0.16414
373.50	0.16415
373.75	0.16283
374.00	0.16122
374.25	0.15987
374.50	0.15923
374.75	0.15772
375.00	0.16093
375.25	0.15596
375.50	0.15483
375.75	0.15365
376.00	0.15230
376.25	0.15215
376.50	0.15271
376.75	0.14940
377.00	0.14595
377.25	0.14579
377.50	0.14524
377.75	0.14452
378.00	0.14089
378.25	0.14013
378.50	0.14042
378.75	0.14078
379.00	0.13768
379.25	0.13508
379.50	0.13568
379.75	0.13209
380.00	0.13321
380.25	0.13076
380.50	0.12994
380.75	0.12680
381.00	0.13022
381.25	0.12711
381.50	0.12249
381.75	0.12421
382.00	0.12204
382.25	0.11978
382.50	0.11958
382.75	0.11578
383.00	0.11822
383.25	0.11525
383.50	0.11652
383.75	0.11285
384.00	0.11309
384.25	0.11126
384.50	0.11022
384.75	0.10952
385.00	0.10751
385.25	0.10689
385.50	0.10542
385.75	0.10379
386.00	0.10370
386.25	0.10127
386.50	0.099961
386.75	0.098877
387.00	0.098161
387.25	0.096136
387.50	0.097202
387.75	0.094110
388.00	0.093230
388.25	0.091950
388.50	0.090348
388.75	0.091718
389.00	0.089750
389.25	0.088503
389.50	0.087222
389.75	0.084605
390.00	0.084334
390.25	0.084215
390.50	0.084035
390.75	0.083070
391.00	0.082201
391.25	0.081304
391.50	0.079020
391.75	0.080503
392.00	0.077305
392.25	0.077987
392.50	0.076436
392.75	0.076148
393.00	0.074456
393.25	0.074326
393.50	0.074123
393.75	0.072961
394.00	0.070710
394.25	0.069260
394.50	0.068222
394.75	0.067680
395.00	0.065627
395.25	0.067099
395.50	0.064498
395.75	0.064239
396.00	0.064002
396.25	0.061243
396.50	0.062016
396.75	0.062501
397.00	0.059799
397.25	0.057988
397.50	0.059117
397.75	0.059150
398.00	0.058806
398.25	0.056279
398.50	0.057108
398.75	0.055737
399.00	0.055895
399.25	0.053312
399.50	0.052042
399.75	0.054022
400.00	0.052025
400.25	0.052437
400.50	0.049278
400.75	0.051568
401.00	0.050553
401.25	0.048026
401.50	0.047428
401.75	0.047941
402.00	0.047473
402.25	0.045419
402.50	0.045532
402.75	0.045921
403.00	0.045724
403.25	0.045532
403.50	0.045752
403.75	0.046136
404.00	0.043800
404.25	0.042051
404.50	0.042249
404.75	0.041498
405.00	0.040601
405.25	0.041955
405.50	0.040489
405.75	0.039654
406.00	0.039276
406.25	0.037589
406.50	0.037437
406.75	0.036895
407.00	0.038023
407.25	0.036635
407.50	0.034131
407.75	0.035699
408.00	0.035090
408.25	0.034091
408.50	0.033251
408.75	0.034086
409.00	0.033674
409.25	0.032698
409.50	0.033076
409.75	0.032105
410.00	0.030830
410.25	0.030898
410.50	0.028867
410.75	0.028230
411.00	0.029544
411.25	0.028551
411.50	0.029183
411.75	0.028286
412.00	0.028952
412.25	0.026786
412.50	0.026046
412.75	0.026193
413.00	0.026780
413.25	0.025121
413.50	0.024726
413.75	0.025403
414.00	0.024128
414.25	0.024817
414.50	0.023807
414.75	0.023254
415.00	0.023226
415.25	0.022622
415.50	0.022143
415.75	0.022239
416.00	0.021849
416.25	0.021545
416.50	0.022289
416.75	0.021494
417.00	0.021505
417.25	0.020501
417.50	0.021200
417.75	0.019164
418.00	0.020129
418.25	0.019852
418.50	0.020010
418.75	0.018933
419.00	0.018278
419.25	0.018628
419.50	0.018363
419.75	0.018589
420.00	0.017697
420.25	0.017534
420.50	0.016197
420.75	0.016941
421.00	0.016202
421.25	0.016586
421.50	0.015435
421.75	0.016467
422.00	0.016428
422.25	0.014239
422.50	0.016456
422.75	0.014177
423.00	0.014781
423.25	0.014239
423.50	0.014882
423.75	0.013827
424.00	0.014826
424.25	0.014656
424.50	0.014544
424.75	0.013218
425.00	0.014544
425.25	0.013472
425.50	0.013613
425.75	0.013489
426.00	0.013319
426.25	0.014927
426.50	0.014233
426.75	0.014087
427.00	0.013229
427.25	0.013765
427.50	0.013912
427.75	0.013669
428.00	0.012987
428.25	0.012372
428.50	0.013111
428.75	0.014256
429.00	0.015187
429.25	0.013799
429.50	0.014126
429.75	0.014064
430.00	0.013686
430.25	0.012422
430.50	0.013776
430.75	0.013810
431.00	0.014194
431.25	0.011328
431.50	0.011153
431.75	0.013895
432.00	0.011339
432.25	0.012343
432.50	0.013099
432.75	0.011892
433.00	0.011903
433.25	0.010544
433.50	0.011531
433.75	0.011796
434.00	0.011497
434.25	0.011142
434.50	0.010888
434.75	0.010392
435.00	0.011830
435.25	0.010375
435.50	0.0097992
435.75	0.0097145
436.00	0.0094776
436.25	0.011277
436.50	0.0099064
436.75	0.0086145
437.00	0.0094550
437.25	0.010939
437.50	0.0099628
437.75	0.0089135
438.00	0.0087329
438.25	0.0098838
438.50	0.0085411
438.75	0.0086878
439.00	0.0086991
439.25	0.0088458
439.50	0.0086201
439.75	0.0099966
440.00	0.0084283
440.25	0.0093591
440.50	0.0076272
440.75	0.0087781
441.00	0.0085298
441.25	0.0075539
441.50	0.0082929
441.75	0.0090771
442.00	0.0079713
442.25	0.0068318
442.50	0.0085186
442.75	0.0083042
443.00	0.0079770
443.25	0.0068374
443.50	0.0062338
443.75	0.0080729
444.00	0.0074467
444.25	0.0072380
444.50	0.0066230
444.75	0.0076385
445.00	0.0087724
445.25	0.0071138
445.50	0.0074975
445.75	0.0066005
446.00	0.0075200
446.25	0.0064989
446.50	0.0074693
446.75	0.0074410
447.00	0.0067020
447.25	0.0074862
447.50	0.0068318
447.75	0.0071928
448.00	0.0076893
448.25	0.0071251
448.50	0.0077739
448.75	0.0070292
449.00	0.0079544
449.25	0.0069333
449.50	0.0076046
449.75	0.0073451
450.00	0.0071251
450.25	0.0067641
450.50	0.0066005
450.75	0.0068938
451.00	0.0066005
451.25	0.0060815
451.50	0.0067528
451.75	0.0069615
452.00	0.0074805
452.25	0.0070574
452.50	0.0063974
452.75	0.0080955
453.00	0.0063071
453.25	0.0055907
453.50	0.0071364
453.75	0.0067415
454.00	0.0056132
454.25	0.0052973
454.50	0.0070969
454.75	0.0068543
455.00	0.0061492
455.25	0.0059574
455.50	0.0064482
455.75	0.0077400
456.00	0.0064143
456.25	0.0063128
456.50	0.0060025
456.75	0.0061379
457.00	0.0069390
457.25	0.0065497
457.50	0.0054835
457.75	0.0066795
458.00	0.0069672
458.25	0.0061379
458.50	0.0067359
458.75	0.0061266
459.00	0.0056809
459.25	0.0056301
459.50	0.0054835
459.75	0.0067133
460.00	0.0062056
460.25	0.0062507
460.50	0.0054214
460.75	0.0061040
461.00	0.0046655
461.25	0.0047614
461.50	0.0058445
461.75	0.0056696
462.00	0.0052522
462.25	0.0057543
462.50	0.0055399
462.75	0.0043044
463.00	0.0048855
463.25	0.0064312
463.50	0.0048855
463.75	0.0058614
464.00	0.0038418
464.25	0.0054101
464.50	0.0055681
464.75	0.0060420
465.00	0.0042198
465.25	0.0051450
465.50	0.0071533
465.75	0.0048460
466.00	0.0058840
466.25	0.0046260
466.50	0.0049250
466.75	0.0055286
467.00	0.0037233
467.25	0.0045414
467.50	0.0053029
467.75	0.0043439
468.00	0.0046880
468.25	0.0043326
468.50	0.0033002
468.75	0.0048234
469.00	0.0040393
469.25	0.0039772
469.50	0.0046937
469.75	0.0041690
470.00	0.0048629
470.25	0.0048516
470.50	0.0036839
470.75	0.0050152
471.00	0.0040280
471.25	0.0037854
471.50	0.0034526
471.75	0.0041352
472.00	0.0049645
472.25	0.0037798
472.50	0.0038475
472.75	0.0041182
473.00	0.0043326
473.25	0.0035372
473.50	0.0047050
473.75	0.0046373
474.00	0.0040957
474.25	0.0034526
474.50	0.0049588
474.75	0.0043439
475.00	0.0030238
475.25	0.0054271
475.50	0.0048009
475.75	0.0042311
476.00	0.0037290
476.25	0.0040054
476.50	0.0038926
476.75	0.0035767
477.00	0.0048291
477.25	0.0049475
477.50	0.0044793
477.75	0.0045696
478.00	0.0037910
478.25	0.0039829
478.50	0.0038080
478.75	0.0047050
479.00	0.0029956
479.25	0.0034356
479.50	0.0030125
479.75	0.0038023
480.00	0.0037008
480.25	0.0040900
480.50	0.0049588
480.75	0.0027305
481.00	0.0053424
481.25	0.0040449
481.50	0.0034243
481.75	0.0045357
482.00	0.0043721
482.25	0.0042198
482.50	0.0034582
482.75	0.0038700
483.00	0.0034864
483.25	0.0036500
483.50	0.0035259
483.75	0.0042593
484.00	0.0041747
484.25	0.0030577
484.50	0.0046993
484.75	0.0021381
485.00	0.0052973
485.25	0.0031874
485.50	0.0030238
485.75	0.0038136
486.00	0.0038587
486.25	0.0038587
486.50	0.0033961
486.75	0.0037967
487.00	0.0028489
487.25	0.0043044
487.50	0.0039829
487.75	0.0028320
488.00	0.0041803
488.25	0.0034243
488.50	0.0038531
488.75	0.0041013
489.00	0.0043270
489.25	0.0032269
489.50	0.0044624
489.75	0.0034243
490.00	0.0031592
490.25	0.0041013
490.50	0.0043947
490.75	0.0047839
491.00	0.0033567
491.25	0.0036839
491.50	0.0040505
491.75	0.0040562
492.00	0.0040900
492.25	0.0043552
492.50	0.0050265
492.75	0.0047952
493.00	0.0043044
493.25	0.0036444
493.50	0.0024653
493.75	0.0021945
494.00	0.0039039
494.25	0.0043101
494.50	0.0025612
494.75	0.0044003
495.00	0.0040336
495.25	0.0033567
495.50	0.0044567
495.75	0.0031874
496.00	0.0045301
496.25	0.0037910
496.50	0.0035485
496.75	0.0032325
497.00	0.0030633
497.25	0.0025330
497.50	0.0034243
497.75	0.0029110
498.00	0.0050716
498.25	0.0037459
498.50	0.0038813
498.75	0.0033397
499.00	0.0025330
499.25	0.0045921
499.50	0.0043890
499.75	0.0041747
500.00	0.0043439
500.25	0.0035936
500.50	0.0032043
500.75	0.0050039
501.00	0.0036500
501.25	0.0037685
501.50	0.0051224
501.75	0.0029392
502.00	0.0039490
502.25	0.0036387
502.50	0.0031987
502.75	0.0029618
503.00	0.0035033
503.25	0.0032325
503.50	0.0024145
503.75	0.0047444
504.00	0.0019971
504.25	0.0034864
504.50	0.0045357
504.75	0.0025556
505.00	0.0035146
505.25	0.0032833
505.50	0.0035541
505.75	0.0029335
506.00	0.0035203
506.25	0.0026797
506.50	0.0025894
506.75	0.0042593
507.00	0.0024427
507.25	0.0037064
507.50	0.0029392
507.75	0.0034638
508.00	0.0031254
508.25	0.0028997
508.50	0.0048291
508.75	0.0029618
509.00	0.0038023
509.25	0.0030182
509.50	0.0043157
509.75	0.0034018
510.00	0.0033736
510.25	0.0030294
510.50	0.0028433
510.75	0.0042085
511.00	0.0032890
511.25	0.0044172
511.50	0.0029956
511.75	0.0048573
512.00	0.0049701
512.25	0.0032664
512.50	0.0044906
512.75	0.0026966
513.00	0.0041408
513.25	0.0024202
513.50	0.0048798
513.75	0.0042931
514.00	0.0033567
514.25	0.0031592
514.50	0.0037064
514.75	0.0046937
515.00	0.0040844
515.25	0.0047896
515.50	0.0030069
515.75	0.0035146
516.00	0.0031366
516.25	0.0040505
516.50	0.0032946
516.75	0.0037685
517.00	0.0054665
517.25	0.0033567
517.50	0.0041465
517.75	0.0039490
518.00	0.0022340
518.25	0.0052917
518.50	0.0033172
518.75	0.0044793
519.00	0.0037403
519.25	0.0045865
519.50	0.0043890
519.75	0.0030859
520.00	0.0054101
520.25	0.0036895
520.50	0.0061322
520.75	0.0048516
521.00	0.0043270
521.25	0.0043721
521.50	0.0044172
521.75	0.0050322
522.00	0.0040844
522.25	0.0051281
522.50	0.0046316
522.75	0.0063240
523.00	0.0050322
523.25	0.0036387
523.50	0.0058897
523.75	0.0023468
524.00	0.0060363
524.25	0.0025951
524.50	0.0050716
524.75	0.0047444
525.00	0.0060927
525.25	0.0038418
525.50	0.0037572
525.75	0.0060984
526.00	0.0033059
526.25	0.0055173
526.50	0.0035090
526.75	0.0060927
527.00	0.0048178
527.25	0.0043890
527.50	0.0045865
527.75	0.0036444
528.00	0.0058445
528.25	0.0034469
528.50	0.0046655
528.75	0.0045808
529.00	0.0056696
529.25	0.0044060
529.50	0.0041352
529.75	0.0063353
530.00	0.0050378
530.25	0.0042141
530.50	0.0055568
530.75	0.0048291
531.00	0.0059179
531.25	0.0055907
531.50	0.0057712
531.75	0.0047952
532.00	0.0057261
532.25	0.0061266
532.50	0.0056753
532.75	0.0048009
533.00	0.0038475
533.25	0.0072436
533.50	0.0041070
533.75	0.0055681
534.00	0.0043439
534.25	0.0057543
534.50	0.0057768
534.75	0.0060871
535.00	0.0070744
535.25	0.0052635
535.50	0.0062338
535.75	0.0051732
536.00	0.0056076
536.25	0.0052296
536.50	0.0064312
536.75	0.0063523
537.00	0.0074523
537.25	0.0062563
537.50	0.0052240
537.75	0.0072097
538.00	0.0050942
538.25	0.0059912
538.50	0.0066795
538.75	0.0062902
539.00	0.0056696
539.25	0.0048009
539.50	0.0059404
539.75	0.0055342
540.00	0.0063805
540.25	0.0065666
540.50	0.0062394
540.75	0.0061266
541.00	0.0073564
541.25	0.0067641
541.50	0.0060025
541.75	0.0068318
542.00	0.0062563
542.25	0.0074805
542.50	0.0068600
542.75	0.0063974
543.00	0.0068600
543.25	0.0073169
543.50	0.0065215
543.75	0.0061886
544.00	0.0063015
544.25	0.0066230
544.50	0.0073113
544.75	0.0075539
545.00	0.0060363
545.25	0.0075370
545.50	0.0081406
545.75	0.0065666
546.00	0.0077908
546.25	0.0079826
546.50	0.0064256
546.75	0.0097766
547.00	0.0071195
547.25	0.0081237
547.50	0.0079544
547.75	0.0079883
548.00	0.0080672
548.25	0.0085637
548.50	0.0081237
548.75	0.0082252
549.00	0.0087442
549.25	0.0094438
549.50	0.0092632
549.75	0.0083662
550.00	0.0085975
550.25	0.0092181
550.50	0.0085016
550.75	0.0097033
551.00	0.0085411
551.25	0.0088345
551.50	0.0094832
551.75	0.011108
552.00	0.010860
552.25	0.0095171
552.50	0.010042
552.75	0.010030
553.00	0.011210
553.25	0.011712
553.50	0.011401
553.75	0.012716
554.00	0.011170
554.25	0.012355
554.50	0.011757
554.75	0.012891
555.00	0.012569
555.25	0.012925
555.50	0.013240
555.75	0.012744
556.00	0.012767
556.25	0.014053
556.50	0.015108
556.75	0.013517
557.00	0.014126
557.25	0.015689
557.50	0.015790
557.75	0.016580
558.00	0.014532
558.25	0.017771
558.50	0.014617
558.75	0.017776
559.00	0.016484
559.25	0.016857
559.50	0.017094
559.75	0.016005
560.00	0.017951
560.25	0.015666
560.50	0.018447
560.75	0.016710
561.00	0.017844
561.25	0.020371
561.50	0.017799
561.75	0.019282
562.00	0.019000
562.25	0.018995
562.50	0.018634
562.75	0.018521
563.00	0.019361
563.25	0.019660
563.50	0.019576
563.75	0.019243
564.00	0.018442
564.25	0.018639
564.50	0.019548
564.75	0.021421
565.00	0.018904
565.25	0.021217
565.50	0.020704
565.75	0.022064
566.00	0.019914
566.25	0.020123
566.50	0.021488
566.75	0.020219
567.00	0.022791
567.25	0.020225
567.50	0.022543
567.75	0.020478
568.00	0.020958
568.25	0.020236
568.50	0.020902
568.75	0.021714
569.00	0.021934
569.25	0.022729
569.50	0.019598
569.75	0.021714
570.00	0.020123
570.25	0.022284
570.50	0.020755
570.75	0.021471
571.00	0.021460
571.25	0.021680
571.50	0.021731
571.75	0.020958
572.00	0.022244
572.25	0.022126
572.50	0.023147
572.75	0.021787
573.00	0.021872
573.25	0.021985
573.50	0.022447
573.75	0.022949
574.00	0.022521
574.25	0.022831
574.50	0.022351
574.75	0.023023
575.00	0.022944
575.25	0.022588
575.50	0.022650
575.75	0.023152
576.00	0.024298
576.25	0.025522
576.50	0.025877
576.75	0.025240
577.00	0.025042
577.25	0.025680
577.50	0.024664
577.75	0.027604
578.00	0.026791
578.25	0.026345
578.50	0.026707
578.75	0.026577
579.00	0.028111
579.25	0.026616
579.50	0.029240
579.75	0.028218
580.00	0.028726
580.25	0.029950
580.50	0.029555
580.75	0.030486
581.00	0.030503
581.25	0.030278
581.50	0.028608
581.75	0.029815
582.00	0.030684
582.25	0.031530
582.50	0.031259
582.75	0.031411
583.00	0.032235
583.25	0.031231
583.50	0.032117
583.75	0.032715
584.00	0.031795
584.25	0.033380
584.50	0.033008
584.75	0.033245
585.00	0.032466
585.25	0.033330
585.50	0.032258
585.75	0.033499
586.00	0.033973
586.25	0.033674
586.50	0.034334
586.75	0.034300
587.00	0.034949
587.25	0.032890
587.50	0.033149
587.75	0.033798
588.00	0.033820
588.25	0.035908
588.50	0.034588
588.75	0.035439
589.00	0.035795
589.25	0.035975
589.50	0.034825
589.75	0.034887
590.00	0.036771
590.25	0.036940
590.50	0.037397
590.75	0.036669
591.00	0.039027
591.25	0.038723
591.50	0.038300
591.75	0.040246
592.00	0.040466
592.25	0.040850
592.50	0.040483
592.75	0.042587
593.00	0.043902
593.25	0.044257
593.50	0.044415
593.75	0.044878
594.00	0.047461
594.25	0.048076
594.50	0.048708
594.75	0.051450
595.00	0.052178
595.25	0.052990
595.50	0.053300
595.75	0.055534
596.00	0.056753
596.25	0.058913
596.50	0.059884
596.75	0.062372
597.00	0.063302
597.25	0.064634
597.50	0.066625
597.75	0.067223
598.00	0.070868
598.25	0.070433
598.50	0.073621
598.75	0.075494
599.00	0.077728
599.25	0.081208
599.50	0.081998
599.75	0.084774
600.00	0.086393
600.25	0.089507
600.50	0.091481
600.75	0.094308
601.00	0.097360
601.25	0.099825
601.50	0.10199
601.75	0.10547
602.00	0.10819
602.25	0.11031
602.50	0.11360
602.75	0.11778
603.00	0.12007
603.25	0.12212
603.50	0.12487
603.75	0.12866
604.00	0.13083
604.25	0.13307
604.50	0.13648
604.75	0.13986
605.00	0.14209
605.25	0.14388
605.50	0.14672
605.75	0.14856
606.00	0.15022
606.25	0.15291
606.50	0.15095
606.75	0.15310
607.00	0.15480
607.25	0.15467
607.50	0.15561
607.75	0.15561
608.00	0.15593
608.25	0.15611
608.50	0.15608
608.75	0.15419
609.00	0.15410
609.25	0.15323
609.50	0.15227
609.75	0.15128
610.00	0.15012
610.25	0.14880
610.50	0.14617
610.75	0.14605
611.00	0.14351
611.25	0.14230
611.50	0.14171
611.75	0.13767
612.00	0.13857
612.25	0.13613
612.50	0.13471
612.75	0.13365
613.00	0.13216
613.25	0.13128
613.50	0.12905
613.75	0.13014
614.00	0.12692
614.25	0.12778
614.50	0.12475
614.75	0.12248
615.00	0.12205
615.25	0.12086
615.50	0.11984
615.75	0.11845
616.00	0.11828
616.25	0.11471
616.50	0.11523
616.75	0.11450
617.00	0.11303
617.25	0.11216
617.50	0.10973
617.75	0.11081
618.00	0.10835
618.25	0.10822
618.50	0.10558
618.75	0.10540
619.00	0.10496
619.25	0.10306
619.50	0.10366
619.75	0.10175
620.00	0.10196
620.25	0.098420
620.50	0.098296
620.75	0.097755
621.00	0.096113
621.25	0.096254
621.50	0.096192
621.75	0.094443
622.00	0.093834
622.25	0.092943
622.50	0.091459
622.75	0.090415
623.00	0.090054
623.25	0.089309
623.50	0.089084
623.75	0.087290
624.00	0.086771
624.25	0.086534
624.50	0.085360
624.75	0.085558
625.00	0.084503
625.25	0.083928
625.50	0.083437
625.75	0.082275
626.00	0.082072
626.25	0.081333
626.50	0.080204
626.75	0.081321
627.00	0.079770
627.25	0.080605
627.50	0.080097
627.75	0.079420
628.00	0.079014
628.25	0.079578
628.50	0.080520
628.75	0.078890
629.00	0.080018
629.25	0.079381
629.50	0.079347
629.75	0.080069
630.00	0.079809
630.25	0.080498
630.50	0.079826
630.75	0.080610
631.00	0.080791
631.25	0.082827
631.50	0.082117
631.75	0.081936
632.00	0.083961
632.25	0.083583
632.50	0.084571
632.75	0.085084
633.00	0.086771
633.25	0.087307
633.50	0.088678
633.75	0.090144
634.00	0.089834
634.25	0.091842
634.50	0.092181
634.75	0.094804
635.00	0.096773
635.25	0.097963
635.50	0.099740
635.75	0.10039
636.00	0.10213
636.25	0.10385
636.50	0.10601
636.75	0.10550
637.00	0.10909
637.25	0.10940
637.50	0.11145
637.75	0.11244
638.00	0.11432
638.25	0.11517
638.50	0.11615
638.75	0.11775
639.00	0.11965
639.25	0.12131
639.50	0.12390
639.75	0.12507
640.00	0.12594
640.25	0.12609
640.50	0.12849
640.75	0.12716
641.00	0.13019
641.25	0.13173
641.50	0.13228
641.75	0.13407
642.00	0.13511
642.25	0.13689
642.50	0.13610
642.75	0.13725
643.00	0.13746
643.25	0.13900
643.50	0.13904
643.75	0.13878
644.00	0.13928
644.25	0.13784
644.50	0.14193
644.75	0.14098
645.00	0.13950
645.25	0.14158
645.50	0.14145
645.75	0.14068
646.00	0.14065
646.25	0.14188
646.50	0.14066
646.75	0.14108
647.00	0.14135
647.25	0.14122
647.50	0.14182
647.75	0.14014
648.00	0.14152
648.25	0.14004
648.50	0.14093
648.75	0.14022
649.00	0.13992
649.25	0.14006
649.50	0.14014
649.75	0.14114
650.00	0.14039
650.25	0.14169
650.50	0.14196
650.75	0.14321
651.00	0.14257
651.25	0.14403
651.50	0.14646
651.75	0.14533
652.00	0.14823
652.25	0.14830
652.50	0.15105
652.75	0.15322
653.00	0.15319
653.25	0.15714
653.50	0.15709
653.75	0.15946
654.00	0.16054
654.25	0.16283
654.50	0.16598
654.75	0.16646
655.00	0.17038
655.25	0.17407
655.50	0.17730
655.75	0.17937
656.00	0.18471
656.25	0.18769
656.50	0.19227
656.75	0.19612
657.00	0.19973
657.25	0.20468
657.50	0.20978
657.75	0.21500
658.00	0.21808
658.25	0.22365
658.50	0.23038
658.75	0.23602
659.00	0.24329
659.25	0.24775
659.50	0.25675
659.75	0.26396
660.00	0.27189
660.25	0.27967
660.50	0.28655
660.75	0.29740
661.00	0.30652
661.25	0.31778
661.50	0.32854
661.75	0.34051
662.00	0.35269
662.25	0.36703
662.50	0.37837
662.75	0.39212
663.00	0.40804
663.25	0.42330
663.50	0.43870
663.75	0.45583
664.00	0.47197
664.25	0.49156
664.50	0.50666
664.75	0.52433
665.00	0.54262
665.25	0.56169
665.50	0.58253
665.75	0.59957
666.00	0.61793
666.25	0.63692
666.50	0.65528
666.75	0.67326
667.00	0.69294
667.25	0.71255
667.50	0.73050
667.75	0.74777
668.00	0.76334
668.25	0.78356
668.50	0.79950
668.75	0.81616
669.00	0.83016
669.25	0.84691
669.50	0.86112
669.75	0.87291
670.00	0.88532
670.25	0.90161
670.50	0.91153
670.75	0.92504
671.00	0.93480
671.25	0.94121
671.50	0.95150
671.75	0.96230
672.00	0.97034
672.25	0.97946
672.50	0.98342
672.75	0.98808
673.00	0.99337
673.25	0.99623
673.50	0.99474
673.75	0.99900
674.00	1.0000
674.25	0.99317
674.50	0.99413
674.75	0.99174
675.00	0.98579
675.25	0.97575
675.50	0.96871
675.75	0.96195
676.00	0.95248
676.25	0.94518
676.50	0.93282
676.75	0.92083
677.00	0.90954
677.25	0.89474
677.50	0.88114
677.75	0.86933
678.00	0.85376
678.25	0.84036
678.50	0.82431
678.75	0.81150
679.00	0.79253
679.25	0.77631
679.50	0.76051
679.75	0.74185
680.00	0.72651
680.25	0.70741
680.50	0.69243
680.75	0.67450
681.00	0.65735
681.25	0.63920
681.50	0.62085
681.75	0.60525
682.00	0.58736
682.25	0.57081
682.50	0.55244
682.75	0.53691
683.00	0.51820
683.25	0.50312
683.50	0.48607
683.75	0.47100
684.00	0.45525
684.25	0.43860
684.50	0.42404
684.75	0.40984
685.00	0.39428
685.25	0.38023
685.50	0.36506
685.75	0.35266
686.00	0.33933
686.25	0.32706
686.50	0.31377
686.75	0.30250
687.00	0.29091
687.25	0.27898
687.50	0.26742
687.75	0.25803
688.00	0.24784
688.25	0.23820
688.50	0.22730
688.75	0.21855
689.00	0.20972
689.25	0.20081
689.50	0.19154
689.75	0.18453
690.00	0.17624
690.25	0.16921
690.50	0.16261
690.75	0.15513
691.00	0.14895
691.25	0.14271
691.50	0.13666
691.75	0.13039
692.00	0.12413
692.25	0.12015
692.50	0.11468
692.75	0.11059
693.00	0.10408
693.25	0.10183
693.50	0.098618
693.75	0.095583
694.00	0.093524
694.25	0.089936
694.50	0.086066
694.75	0.081547
695.00	0.079082
695.25	0.074303
695.50	0.071956
695.75	0.070010
696.00	0.066947
696.25	0.063432
696.50	0.059150
696.75	0.058987
697.00	0.055049
697.25	0.054028
697.50	0.051433
697.75	0.049656
698.00	0.048460
698.25	0.045041
698.50	0.044793
698.75	0.042125
699.00	0.040472
699.25	0.038475
699.50	0.037205
699.75	0.036455
700.00	0.034362
700.25	0.034311
700.50	0.031062
700.75	0.030763
701.00	0.029036
701.25	0.030582
701.50	0.027750
701.75	0.025533
702.00	0.026515
702.25	0.024416
702.50	0.024946
702.75	0.024281
703.00	0.023435
703.25	0.022684
703.50	0.020947
703.75	0.021336
704.00	0.019497
704.25	0.020320
704.50	0.019102
704.75	0.020834
705.00	0.018256
705.25	0.016005
705.50	0.016580
705.75	0.016360
706.00	0.016462
706.25	0.015914
706.50	0.015937
706.75	0.014882
707.00	0.015362
707.25	0.014854
707.50	0.014532
707.75	0.014143
708.00	0.013737
708.25	0.013528
708.50	0.012592
708.75	0.012744
709.00	0.013161
709.25	0.012394
709.50	0.012011
709.75	0.011108
710.00	0.011503
710.25	0.011035
710.50	0.012411
710.75	0.011119
711.00	0.0099966
711.25	0.011283
711.50	0.0097597
711.75	0.010476
712.00	0.0093986
712.25	0.0090940
712.50	0.0090037
712.75	0.0094325
713.00	0.0093366
713.25	0.0081688
713.50	0.0089304
713.75	0.0073057
714.00	0.0077118
714.25	0.0081349
714.50	0.0084904
714.75	0.0076554
715.00	0.0073846
715.25	0.0072944
715.50	0.0067584
715.75	0.0070574
716.00	0.0072436
716.25	0.0061717
716.50	0.0071533
716.75	0.0056076
717.00	0.0063917
717.25	0.0043890
717.50	0.0062902
717.75	0.0057373
718.00	0.0063071
718.25	0.0062394
718.50	0.0060927
718.75	0.0050434
719.00	0.0051506
719.25	0.0051337
719.50	0.0054665
719.75	0.0041803
720.00	0.0050716
720.25	0.0055568
720.50	0.0043778
720.75	0.0033397
721.00	0.0051111
721.25	0.0042198
721.50	0.0049870
721.75	0.0044567
722.00	0.0049024
722.25	0.0037854
722.50	0.0037741
722.75	0.0035090
723.00	0.0033905
723.25	0.0041465
723.50	0.0039998
723.75	0.0040618
724.00	0.0036162
724.25	0.0054158
724.50	0.0037290
724.75	0.0029787
725.00	0.0034808
725.25	0.0036782
725.50	0.0041408
725.75	0.0031423
726.00	0.0037346
726.25	0.0028320
726.50	0.0039941
726.75	0.0037459
727.00	0.0020027
727.25	0.0028602
727.50	0.0023073
727.75	0.0034469
728.00	0.0025612
728.25	0.0026345
728.50	0.0036387
728.75	0.0028038
729.00	0.0035203
729.25	0.0015175
729.50	0.0049080
729.75	0.0037177
730.00	0.0030802
730.25	0.0030069
730.50	0.0022791
730.75	0.0030407
731.00	0.0023920
731.25	0.0040449
731.50	0.0022622
731.75	0.0014950
732.00	0.0032100
732.25	0.0032213
732.50	0.0024145
732.75	0.0020986
733.00	0.0037121
733.25	0.0026797
733.50	0.0026402
733.75	0.0024032
734.00	0.0025556
734.25	0.0024653
734.50	0.0023130
734.75	0.0018842
735.00	0.0023186
735.25	0.0034018
735.50	0.0021099
735.75	0.0023017
736.00	0.0027869
736.25	0.0015006
736.50	0.0037572
736.75	0.0016473
737.00	0.0026740
737.25	0.0016022
737.50	0.0036218
737.75	0.0023694
738.00	0.0027248
738.25	0.0030915
738.50	0.0030294
738.75	0.0028151
739.00	0.0016924
739.25	0.0030802
739.50	0.0041634
739.75	0.0038305
740.00	0.0027699
740.25	0.0032156
740.50	0.0019463
740.75	0.0027756
741.00	0.0019914
741.25	0.0024484
741.50	0.0028941
741.75	0.0024879
742.00	0.0027925
742.25	0.0026176
742.50	0.00028771
742.75	0.0034469
743.00	0.0018899
743.25	0.0010267
743.50	0.0026740
743.75	0.0020873
744.00	0.0036782
744.25	0.0017206
744.50	0.0011847
744.75	0.0023130
745.00	0.0018391
745.25	0.0030915
745.50	0.0013539
745.75	0.0028658
746.00	0.0020591
746.25	0.0037459
746.50	0.00077288
746.75	0.0012355
747.00	0.0019463
747.25	0.0022227
747.50	0.0024032
747.75	0.0014329
748.00	0.0022396
748.25	0.0010944
748.50	0.0017094
748.75	0.0014442
749.00	0.00098725
749.25	0.0023863
749.50	0.0026966
749.75	0.0013088
750.00	0.0019294
750.25	0.0017376
750.50	0.0016191
750.75	0.0015570
751.00	0.0013088
751.25	0.00076723
751.50	0.0029674
751.75	0.0021720
752.00	0.0017601
752.25	0.0020366
752.50	0.0013088
752.75	0.0025104
753.00	0.0024709
753.25	0.0019124
753.50	0.0018617
753.75	0.0034526
754.00	0.0033059
754.25	0.00091955
754.50	0.0028376
754.75	0.0022566
755.00	0.0016191
755.25	0.00022566
755.50	0.00024258
755.75	0.0016134
756.00	0.0023920
756.25	0.0029900
756.50	0.0019689
756.75	0.0017714
757.00	0.0021945
757.25	0.0019294
757.50	0.0015852
757.75	0.0014950
758.00	0.0017658
758.25	0.0013427
758.50	0.0029223
758.75	0.0010549
759.00	0.0017545
759.25	0.0015063
759.50	0.0011621
759.75	0.00097597
760.00	0.00021437
760.25	0.0031536
760.50	0.0016078
760.75	0.0019801
761.00	0.0012185
761.25	0.0011678
761.50	0.0015683
761.75	0.00097033
762.00	0.0012185
762.25	0.0019124
762.50	0.0027135
762.75	0.0018222
763.00	0.0015119
763.25	0.00036669
763.50	0.0018504
763.75	0.0016360
764.00	0.0024202
764.25	0.0013765
764.50	0.00057543
764.75	0.0022961
765.00	0.0024371
765.25	0.0014104
765.50	0.0023130
765.75	0.0015345
766.00	0.0018278
766.25	0.0010324
766.50	0.00012975
766.75	0.0018391
767.00	0.0016473
767.25	0.0013539
767.50	0.00089135
767.75	0.0010549
768.00	0.0014047
768.25	0.0019463
768.50	0.00056978
768.75	0.00099289
769.00	0.0019294
769.25	0.0013539
769.50	0.0013370
769.75	0.00042311
770.00	0.0019181
770.25	0.0017376
770.50	0.0016586
770.75	0.0026233
771.00	0.00069954
771.25	0.0021155
771.50	0.0018955
771.75	0.0012298
772.00	0.0018842
772.25	-0.00010155
772.50	0.0022904
772.75	0.0018165
773.00	0.0015514
773.25	0.0019068
773.50	0.0020873
773.75	0.0015006
774.00	0.0012298
774.25	0.00076723
774.50	0.0016699
774.75	0.0033228
775.00	0.0015119
775.25	0.0011847
775.50	0.0012016
775.75	0.0010098
776.00	0.0021494
776.25	0.0010267
776.50	0.0016924
776.75	0.0021776
777.00	0.0011114
777.25	0.00047952
777.50	0.00055850
777.75	0.0022679
778.00	0.0010549
778.25	0.0011170
778.50	0.0019181
778.75	0.0018335
779.00	0.0010944
779.25	0.0020366
779.50	0.0022848
779.75	0.0015006
780.00	0.0020196
780.25	0.0015119
780.50	0.0013596
780.75	0.0010211
781.00	0.0022396
781.25	0.0017037
781.50	0.00014668
781.75	0.0010324
782.00	0.00088006
782.25	0.0026628
782.50	0.0016022
782.75	0.00074467
783.00	0.0022791
783.25	0.0014329
783.50	0.0013032
783.75	-0.00014104
784.00	0.0018222
784.25	0.0021663
784.50	0.0022566
784.75	0.00049645
785.00	0.0017094
785.25	0.0010324
785.50	-0.00010155
785.75	0.0015288
786.00	0.0013822
786.25	0.0018730
786.50	0.0017150
786.75	0.0013370
787.00	0.00027643
787.25	0.0017094
787.50	0.0011565
787.75	0.0012919
788.00	0.0011339
788.25	0.0015570
788.50	0.0020196
788.75	0.0021212
789.00	0.0017488
789.25	0.00055286
789.50	0.00071082
789.75	0.0014160
790.00	0.00043439
790.25	0.0015345
790.50	0.0024822
790.75	0.0023976
791.00	0.0022961
791.25	0.0018165
791.50	0.00030464
791.75	0.0013934
792.00	0.00076723
792.25	0.0023412
792.50	0.0027361
792.75	0.0022679
793.00	0.0019294
793.25	0.0015063
793.50	0.0023412
793.75	0.0011509
794.00	0.0016304
794.25	0.0015401
794.50	0.0012073
794.75	0.0020986
795.00	0.00085186
795.25	0.0013370
795.50	0.0010888
795.75	0.0022171
796.00	0.0018842
796.25	0.0014442
796.50	0.0015627
796.75	0.0016022
797.00	0.0022058
797.25	0.00067697
797.50	0.0015796
797.75	0.0014893
798.00	0.0024315
798.25	0.0011339
798.50	0.0017827
798.75	0.0022509
799.00	0.0022509
799.25	0.0021494
799.50	0.0010888
799.75	0.0025951
800.00	0.0024992
