Wavelength (nm)	S07 abs N
300.00	0.064032
301.00	0.065363
302.00	0.067005
303.00	0.068956
304.00	0.071103
305.00	0.073462
306.00	0.076051
307.00	0.078930
308.00	0.081941
309.00	0.085105
310.00	0.088447
311.00	0.091949
312.00	0.095515
313.00	0.099189
314.00	0.10302
315.00	0.10705
316.00	0.11108
317.00	0.11537
318.00	0.11989
319.00	0.12462
320.00	0.12943
321.00	0.13455
322.00	0.13995
323.00	0.14551
324.00	0.15117
325.00	0.15697
326.00	0.16296
327.00	0.16894
328.00	0.17494
329.00	0.18075
330.00	0.18656
331.00	0.19200
332.00	0.19736
333.00	0.20223
334.00	0.20670
335.00	0.21094
336.00	0.21474
337.00	0.21807
338.00	0.22124
339.00	0.22420
340.00	0.22685
341.00	0.22953
342.00	0.23206
343.00	0.23457
344.00	0.23694
345.00	0.23902
346.00	0.24087
347.00	0.24229
348.00	0.24304
349.00	0.24331
350.00	0.24280
351.00	0.24193
352.00	0.24048
353.00	0.23859
354.00	0.23618
355.00	0.23358
356.00	0.23051
357.00	0.22754
358.00	0.22424
359.00	0.22040
360.00	0.21599
361.00	0.21089
362.00	0.20546
363.00	0.19996
364.00	0.19460
365.00	0.18911
366.00	0.18364
367.00	0.17814
368.00	0.17288
369.00	0.16776
370.00	0.16292
371.00	0.15819
372.00	0.15379
373.00	0.14945
374.00	0.14539
375.00	0.14147
376.00	0.13768
377.00	0.13399
378.00	0.13042
379.00	0.12710
380.00	0.12389
381.00	0.12061
382.00	0.11726
383.00	0.11417
384.00	0.11122
385.00	0.10812
386.00	0.10505
387.00	0.10210
388.00	0.099119
389.00	0.096405
390.00	0.093511
391.00	0.090551
392.00	0.087862
393.00	0.085340
394.00	0.082842
395.00	0.080011
396.00	0.077474
397.00	0.074700
398.00	0.072252
399.00	0.069907
400.00	0.067510
401.00	0.065129
402.00	0.062752
403.00	0.060341
404.00	0.058022
405.00	0.055776
406.00	0.053567
407.00	0.051382
408.00	0.049020
409.00	0.046895
410.00	0.044544
411.00	0.042392
412.00	0.040234
413.00	0.038136
414.00	0.036291
415.00	0.034430
416.00	0.032640
417.00	0.030913
418.00	0.029264
419.00	0.027649
420.00	0.026021
421.00	0.024338
422.00	0.022945
423.00	0.021741
424.00	0.020507
425.00	0.019295
426.00	0.018437
427.00	0.017541
428.00	0.016914
429.00	0.016439
430.00	0.015935
431.00	0.015320
432.00	0.014684
433.00	0.013844
434.00	0.012973
435.00	0.012394
436.00	0.011740
437.00	0.010982
438.00	0.010378
439.00	0.0097233
440.00	0.0091403
441.00	0.0085888
442.00	0.0081130
443.00	0.0076812
444.00	0.0073664
445.00	0.0069868
446.00	0.0064875
447.00	0.0062073
448.00	0.0058776
449.00	0.0055272
450.00	0.0052230
451.00	0.0049742
452.00	0.0047186
453.00	0.0044994
454.00	0.0043062
455.00	0.0042650
456.00	0.0041309
457.00	0.0040958
458.00	0.0040408
459.00	0.0039400
460.00	0.0037250
461.00	0.0036062
462.00	0.0033343
463.00	0.0031998
464.00	0.0030329
465.00	0.0027689
466.00	0.0026797
467.00	0.0025678
468.00	0.0024383
469.00	0.0021961
470.00	0.0020065
471.00	0.0020786
472.00	0.0019339
473.00	0.0019876
474.00	0.0017305
475.00	0.0018105
476.00	0.0015516
477.00	0.0016454
478.00	0.0016704
479.00	0.0015900
480.00	0.0015608
481.00	0.0016561
482.00	0.0016200
483.00	0.0014869
484.00	0.0014457
485.00	0.0016584
486.00	0.0013112
487.00	0.0012538
488.00	0.0016968
489.00	0.0014230
490.00	0.0012825
491.00	0.0013236
492.00	0.0012820
493.00	0.0013195
494.00	0.0012848
495.00	0.0013648
496.00	0.0014073
497.00	0.0013357
498.00	0.0014554
499.00	0.0014221
500.00	0.0013592
501.00	0.0014013
502.00	0.0015372
503.00	0.0014485
504.00	0.0014360
505.00	0.0015225
506.00	0.0015622
507.00	0.0016376
508.00	0.0017587
509.00	0.0017624
510.00	0.0018942
511.00	0.0019330
512.00	0.0019395
513.00	0.0020606
514.00	0.0022086
515.00	0.0021591
516.00	0.0022909
517.00	0.0023348
518.00	0.0024305
519.00	0.0025012
520.00	0.0025424
521.00	0.0026603
522.00	0.0027647
523.00	0.0029367
524.00	0.0030047
525.00	0.0030320
526.00	0.0031198
527.00	0.0032594
528.00	0.0033792
529.00	0.0035197
530.00	0.0036547
531.00	0.0036668
532.00	0.0038882
533.00	0.0040052
534.00	0.0041887
535.00	0.0043011
536.00	0.0044999
537.00	0.0046839
538.00	0.0049354
539.00	0.0051139
540.00	0.0054000
541.00	0.0055346
542.00	0.0057879
543.00	0.0060191
544.00	0.0062558
545.00	0.0064172
546.00	0.0067006
547.00	0.0070150
548.00	0.0073738
549.00	0.0076863
550.00	0.0080354
551.00	0.0085042
552.00	0.0090913
553.00	0.0096299
554.00	0.010289
555.00	0.010997
556.00	0.011830
557.00	0.012646
558.00	0.013560
559.00	0.014557
560.00	0.015553
561.00	0.016462
562.00	0.017370
563.00	0.018201
564.00	0.018835
565.00	0.019332
566.00	0.019754
567.00	0.020224
568.00	0.020570
569.00	0.020896
570.00	0.021062
571.00	0.021276
572.00	0.021484
573.00	0.021625
574.00	0.021831
575.00	0.022192
576.00	0.022597
577.00	0.023229
578.00	0.024152
579.00	0.025068
580.00	0.026135
581.00	0.027268
582.00	0.028427
583.00	0.029581
584.00	0.030631
585.00	0.031425
586.00	0.032121
587.00	0.032657
588.00	0.033028
589.00	0.033483
590.00	0.033892
591.00	0.034463
592.00	0.035234
593.00	0.036192
594.00	0.037639
595.00	0.039571
596.00	0.042095
597.00	0.045429
598.00	0.049657
599.00	0.054455
600.00	0.060284
601.00	0.066994
602.00	0.074937
603.00	0.084299
604.00	0.094837
605.00	0.10707
606.00	0.11957
607.00	0.13189
608.00	0.14238
609.00	0.14992
610.00	0.15402
611.00	0.15439
612.00	0.15166
613.00	0.14677
614.00	0.14084
615.00	0.13450
616.00	0.12819
617.00	0.12219
618.00	0.11673
619.00	0.11154
620.00	0.10662
621.00	0.10233
622.00	0.097883
623.00	0.093942
624.00	0.090056
625.00	0.086338
626.00	0.082812
627.00	0.079499
628.00	0.076721
629.00	0.074433
630.00	0.072696
631.00	0.071709
632.00	0.071423
633.00	0.072060
634.00	0.073601
635.00	0.076056
636.00	0.079301
637.00	0.083566
638.00	0.088859
639.00	0.094892
640.00	0.10160
641.00	0.10866
642.00	0.11542
643.00	0.12205
644.00	0.12806
645.00	0.13286
646.00	0.13637
647.00	0.13843
648.00	0.13928
649.00	0.13901
650.00	0.13796
651.00	0.13659
652.00	0.13534
653.00	0.13456
654.00	0.13462
655.00	0.13638
656.00	0.13749
657.00	0.14373
658.00	0.14991
659.00	0.15880
660.00	0.17056
661.00	0.18609
662.00	0.20649
663.00	0.23296
664.00	0.26713
665.00	0.31014
666.00	0.36311
667.00	0.42471
668.00	0.49418
669.00	0.56934
670.00	0.64713
671.00	0.72563
672.00	0.80076
673.00	0.86633
674.00	0.92138
675.00	0.96326
676.00	0.98986
677.00	1.0000
678.00	0.99295
679.00	0.96878
680.00	0.92900
681.00	0.87521
682.00	0.80996
683.00	0.73745
684.00	0.66013
685.00	0.58329
686.00	0.50809
687.00	0.43786
688.00	0.37379
689.00	0.31573
690.00	0.26520
691.00	0.22224
692.00	0.18559
693.00	0.15504
694.00	0.12966
695.00	0.10882
696.00	0.091624
697.00	0.077584
698.00	0.066473
699.00	0.057191
700.00	0.049811
701.00	0.043780
702.00	0.038908
703.00	0.034948
704.00	0.031726
705.00	0.029077
706.00	0.026853
707.00	0.025025
708.00	0.023490
709.00	0.022258
710.00	0.021034
711.00	0.020107
712.00	0.019265
713.00	0.018377
714.00	0.017667
715.00	0.017000
716.00	0.016431
717.00	0.015827
718.00	0.015309
719.00	0.014771
720.00	0.014326
721.00	0.013914
722.00	0.013520
723.00	0.013169
724.00	0.012892
725.00	0.012573
726.00	0.012260
727.00	0.012121
728.00	0.011908
729.00	0.011704
730.00	0.011517
731.00	0.011367
732.00	0.011210
733.00	0.011042
734.00	0.010858
735.00	0.010871
736.00	0.010713
737.00	0.010589
738.00	0.010468
739.00	0.010336
740.00	0.010228
741.00	0.010170
742.00	0.0099709
743.00	0.0098957
744.00	0.0097326
745.00	0.0096310
746.00	0.0095503
747.00	0.0094177
748.00	0.0093161
749.00	0.0091970
750.00	0.0090043
751.00	0.0088902
752.00	0.0088367
753.00	0.0086626
754.00	0.0085208
755.00	0.0084164
756.00	0.0082219
757.00	0.0081194
758.00	0.0080118
759.00	0.0079773
760.00	0.0077458
761.00	0.0076077
762.00	0.0075777
763.00	0.0074156
764.00	0.0072359
765.00	0.0070525
766.00	0.0070156
767.00	0.0069376
768.00	0.0066677
769.00	0.0065070
770.00	0.0064280
771.00	0.0063131
772.00	0.0061962
773.00	0.0060202
774.00	0.0058534
775.00	0.0056566
776.00	0.0055888
777.00	0.0053661
778.00	0.0051373
779.00	0.0049720
780.00	0.0048385
781.00	0.0046680
782.00	0.0044703
783.00	0.0043474
784.00	0.0040567
785.00	0.0039390
786.00	0.0036931
787.00	0.0035005
788.00	0.0032634
789.00	0.0030638
790.00	0.0029280
791.00	0.0026924
792.00	0.0024706
793.00	0.0023158
794.00	0.0019933
795.00	0.0017705
796.00	0.0016824
797.00	0.0014333
798.00	0.0011750
799.00	0.00097447
800.00	0.00078782
