Wavelength (nm)	T13 abs N
350.00	0.045870
351.00	0.045342
352.00	0.045052
353.00	0.044789
354.00	0.044533
355.00	0.044358
356.00	0.044341
357.00	0.044219
358.00	0.044316
359.00	0.044037
360.00	0.043825
361.00	0.043468
362.00	0.042996
363.00	0.043672
364.00	0.045109
365.00	0.046472
366.00	0.046618
367.00	0.046098
368.00	0.046354
369.00	0.047884
370.00	0.049058
371.00	0.050033
372.00	0.050858
373.00	0.051392
374.00	0.052191
375.00	0.053048
376.00	0.054000
377.00	0.054807
378.00	0.055567
379.00	0.056491
380.00	0.057550
381.00	0.058751
382.00	0.060334
383.00	0.061730
384.00	0.063052
385.00	0.064480
386.00	0.065865
387.00	0.067191
388.00	0.068278
389.00	0.069677
390.00	0.071542
391.00	0.074055
392.00	0.077587
393.00	0.081955
394.00	0.088590
395.00	0.096965
396.00	0.10771
397.00	0.12103
398.00	0.13706
399.00	0.15332
400.00	0.17106
401.00	0.19014
402.00	0.20698
403.00	0.22172
404.00	0.23278
405.00	0.23985
406.00	0.24334
407.00	0.24302
408.00	0.23979
409.00	0.23424
410.00	0.22908
411.00	0.22489
412.00	0.22343
413.00	0.22793
414.00	0.23929
415.00	0.25951
416.00	0.28895
417.00	0.33113
418.00	0.39198
419.00	0.47755
420.00	0.59140
421.00	0.72636
422.00	0.85204
423.00	0.93987
424.00	0.99105
425.00	1.00000
426.00	0.97608
427.00	0.93795
428.00	0.89834
429.00	0.85675
430.00	0.81550
431.00	0.77329
432.00	0.71924
433.00	0.65048
434.00	0.57891
435.00	0.50479
436.00	0.42632
437.00	0.35363
438.00	0.28526
439.00	0.22617
440.00	0.17682
441.00	0.13425
442.00	0.10374
443.00	0.080166
444.00	0.062135
445.00	0.049151
446.00	0.039330
447.00	0.032671
448.00	0.027837
449.00	0.024121
450.00	0.021572
451.00	0.019737
452.00	0.018141
453.00	0.016669
454.00	0.015849
455.00	0.014836
456.00	0.013981
457.00	0.013242
458.00	0.012717
459.00	0.012096
460.00	0.011653
461.00	0.011103
462.00	0.010716
463.00	0.010021
464.00	0.0095563
465.00	0.0091089
466.00	0.0087078
467.00	0.0084723
468.00	0.0080046
469.00	0.0075587
470.00	0.0075190
471.00	0.0071150
472.00	0.0068920
473.00	0.0065414
474.00	0.0061911
475.00	0.0063679
476.00	0.0061441
477.00	0.0060137
478.00	0.0060003
479.00	0.0059257
480.00	0.0060520
481.00	0.0061714
482.00	0.0062805
483.00	0.0064164
484.00	0.0065329
485.00	0.0067732
486.00	0.0065760
487.00	0.0070284
488.00	0.0077039
489.00	0.0075303
490.00	0.0075839
491.00	0.0078491
492.00	0.0080064
493.00	0.0081083
494.00	0.0082895
495.00	0.0085567
496.00	0.0086017
497.00	0.0086751
498.00	0.0090670
499.00	0.0091694
500.00	0.0093486
501.00	0.0094923
502.00	0.0095206
503.00	0.0097712
504.00	0.010112
505.00	0.010442
506.00	0.010797
507.00	0.011217
508.00	0.011527
509.00	0.011972
510.00	0.012487
511.00	0.012968
512.00	0.013713
513.00	0.014456
514.00	0.015101
515.00	0.015918
516.00	0.016612
517.00	0.017352
518.00	0.018216
519.00	0.018815
520.00	0.019328
521.00	0.020175
522.00	0.020601
523.00	0.021504
524.00	0.022358
525.00	0.023068
526.00	0.023504
527.00	0.024073
528.00	0.024576
529.00	0.024559
530.00	0.024496
531.00	0.024353
532.00	0.023978
533.00	0.023762
534.00	0.023415
535.00	0.022964
536.00	0.022639
537.00	0.022397
538.00	0.022188
539.00	0.021776
540.00	0.021655
541.00	0.021452
542.00	0.021146
543.00	0.021327
544.00	0.021260
545.00	0.021419
546.00	0.021712
547.00	0.022108
548.00	0.022655
549.00	0.023481
550.00	0.024312
551.00	0.025313
552.00	0.026176
553.00	0.027008
554.00	0.027786
555.00	0.028515
556.00	0.029031
557.00	0.029827
558.00	0.030986
559.00	0.032406
560.00	0.034054
561.00	0.036321
562.00	0.039104
563.00	0.042229
564.00	0.044994
565.00	0.047030
566.00	0.048547
567.00	0.049198
568.00	0.049025
569.00	0.048279
570.00	0.047279
571.00	0.045830
572.00	0.044130
573.00	0.042290
574.00	0.040003
575.00	0.037998
576.00	0.035998
577.00	0.033556
578.00	0.031529
579.00	0.029725
580.00	0.027461
581.00	0.024852
582.00	0.023149
583.00	0.021619
584.00	0.019525
585.00	0.018056
586.00	0.017444
587.00	0.016756
588.00	0.016396
589.00	0.016264
590.00	0.016182
591.00	0.016240
592.00	0.016619
593.00	0.017295
594.00	0.018537
595.00	0.020160
596.00	0.022347
597.00	0.024926
598.00	0.027853
599.00	0.030722
600.00	0.033356
601.00	0.035620
602.00	0.037273
603.00	0.038000
604.00	0.038237
605.00	0.038041
606.00	0.037909
607.00	0.038868
608.00	0.041189
609.00	0.046339
610.00	0.054965
611.00	0.068470
612.00	0.086952
613.00	0.11075
614.00	0.13606
615.00	0.15823
616.00	0.17158
617.00	0.17314
618.00	0.16302
619.00	0.14437
620.00	0.11970
621.00	0.097118
622.00	0.073613
623.00	0.053947
624.00	0.039810
625.00	0.028734
626.00	0.021200
627.00	0.015636
628.00	0.011857
629.00	0.0092580
630.00	0.0074923
631.00	0.0062517
632.00	0.0051497
633.00	0.0043780
634.00	0.0035938
635.00	0.0030980
636.00	0.0026538
637.00	0.0023328
638.00	0.0021817
639.00	0.0021251
640.00	0.0019845
641.00	0.0019819
642.00	0.0019159
643.00	0.0017118
644.00	0.0016013
645.00	0.0018399
646.00	0.0017087
647.00	0.0015798
648.00	0.0015183
649.00	0.0015815
650.00	0.0015814
651.00	0.0014842
652.00	0.0013303
653.00	0.0013825
654.00	0.0015291
655.00	0.0014677
656.00	0.0015807
657.00	0.0016201
658.00	0.0015820
659.00	0.0016037
660.00	0.0016685
661.00	0.0015516
662.00	0.0014314
663.00	0.0015214
664.00	0.0014101
665.00	0.0013332
666.00	0.0013959
667.00	0.0012974
668.00	0.0012384
669.00	0.0011390
670.00	0.0010986
671.00	0.0010336
672.00	0.00091261
673.00	0.0010077
674.00	0.0010254
675.00	0.00095349
676.00	0.00090699
677.00	0.00087274
678.00	0.00084829
679.00	0.00082788
680.00	0.00079425
681.00	0.00076138
682.00	0.00079663
683.00	0.00081703
684.00	0.00066400
685.00	0.00071631
686.00	0.00080881
687.00	0.00076732
688.00	0.00074303
689.00	0.00064390
690.00	0.00055292
691.00	0.00060895
692.00	0.00057454
693.00	0.00052610
694.00	0.00054990
695.00	0.00042246
696.00	0.00052338
697.00	0.00029311
698.00	0.00034872
699.00	0.00035579
700.00	0.00029542
